Order ID,Customer Name,Mobile Model,Quantity,Price per Unit,Total Price,Promotion Code,Order Amount,GST,Order Date,Payment Status,Shipping Status,Payment Method,Payment Provider,Mobile,Delivery Address
J71VQ579T184738854358,Yu Yang,Galaxy/S21/Purple/128GB,9,58999,530991,SPRING20,424792.80000000005,63718.920000000006,2023-04-22 00:00:00,Pending,In Transit,Debit Card,Visa,15638134192,An Hui Sheng Tong Liao Shi Gao Ping Jia He Lu X Zuo  553255
IOQO5UNMO184738854607,Guan Lan Ying,Xiaomi/Mi 11/Black/8GB,10,117803,1178030,SUMMER15,1001325.5,150198.82499999998,2023-04-22 00:00:00,Pending,In Transit,Bank Transfer,MasterCard,13228366905,Si Chuan Sheng Jin Feng Xian Cheng Dong Xu Jie E Zuo  865545
A4RJKUN10184738854803,Xie Xiu Lan,iPhone/13/Black/254GB,8,53360,426880,WINTER10,384192.0,57628.799999999996,2023-04-22 00:00:00,Pending,In Transit,Credit Card,Alipay,13736832700,Shan Xi Sheng Lan Zhou Xian Gao Ming Xing Cheng Jie O Zuo  766411
5WA65ORUG184738854985,Zhang Chao,Xiaomi/Mi 11/Red/64GB,4,57146,228584,NEWYEAR25,171438.0,25715.7,2023-04-22 00:00:00,Paid,In Transit,PayPal,American Express,18854364580,Zhe Jiang Sheng Xin Xian Fu Cheng Hou Lu W Zuo  201178
HCQKSLJMM184738855165,Chen Ying,Xiaomi/Mi 11/White/254GB,5,86124,430620,NEWYEAR25,322965.0,48444.75,2023-04-22 00:00:00,Pending,Shipped,PayPal,Alipay,15987722503,Liao Ning Sheng Xin Ji Xian You Hao Shen Yang Jie M Zuo  668434
F88DFFWAC184738855331,Liu Gui Zhi,Vivo/X60/White/64GB,4,138855,555420,WINTER10,499878.0,74981.7,2023-04-22 00:00:00,Pending,Shipped,Credit Card,Visa,15375429403,Ning Xia Hui Zu Zi Zhi Qu Bei Zhen Xian Bi Shan Wei Lu C Zuo  728533
9PGCTCKDT184738855535,Zhou Jing,Oppo/Reno5/White/32GB,2,132320,264640,NEWYEAR25,198480.0,29772.0,2023-04-22 00:00:00,Pending,Delivered,PayPal,Alipay,14567964157,Chong Qing Shi Gui Ying Xian Xing Shan Shan Wei Lu W Zuo  982982
13V0H97CV184738855707,Zhang Li Hua,iPhone/13 Pro/Red/64GB,9,118919,1070271,SUMMER15,909730.35,136459.5525,2023-04-22 00:00:00,Pending,Pending,Credit Card,WeChat Pay,18003870036,Shan Xi Sheng Shu Zhen Shi Xun Yang Hui Zhou Jie U Zuo  808445
OID1Y4VGJ184738855880,Li Jian,OnePlus/9/White/1TB,6,112454,674724,SPRING20,539779.2000000001,80966.88,2023-04-22 00:00:00,Failed,Delivered,Bank Transfer,Alipay,18163982612,Shang Hai Shi Xin Xian Fang Shan Tian Jin Lu G Zuo  509421
OS7F2ZU0X184738856039,Yang Gui Lan,OnePlus/9/Purple/8GB,2,118399,236798,SUMMER15,201278.3,30191.744999999995,2023-04-22 00:00:00,Pending,Pending,PayPal,PayPal,18656085032,Gui Zhou Sheng Jian Hua Shi Xi Xia Wu Lu Mu Qi Lu R Zuo  196870
X0ELWVKO7184738856217,Jia Yu Hua,Galaxy/S21/Black/128GB,5,102252,511260,FESTIVE30,357882.0,53682.299999999996,2023-04-22 00:00:00,Pending,Pending,Credit Card,MasterCard,14746491903,Shang Hai Shi Hu He Hao Te Shi Nan Xi Tai Yuan Jie F Zuo  322048
HR46X9BOG184738856403,Chai Kai,Oppo/Reno5/Purple/8GB,2,133040,266080,AUTUMN5,252776.0,37916.4,2023-04-22 00:00:00,Paid,Delivered,Credit Card,American Express,15919730915,Shan Xi Sheng Tai Yuan Xian Jin Ping Hai Men Lu G Zuo  216325
T5XSIA7GS184738856568,Zhang Qiang,iPhone/13 Pro/White/1TB,5,111731,558655,SUMMER15,474856.75,71228.5125,2023-04-22 00:00:00,Paid,In Transit,Credit Card,WeChat Pay,15863989180,Guang Xi Zhuang Zu Zi Zhi Qu Jian Shi Liang Ping Zhang Lu Y Zuo  661012
VWXJPTNO9184738856764,Yang Jian Hua,iPhone/13/Black/64GB,6,126745,760470,FESTIVE30,532329.0,79849.34999999999,2023-04-22 00:00:00,Paid,In Transit,PayPal,MasterCard,13054183230,Bei Jing Shi Zheng Zhou Xian Liu Zhi Te Tai Yuan Jie X Zuo  928771
6I5X0NDVC184738856943,Lin Shu Lan,Xiaomi/Mi 11/Blue/254GB,3,149944,449832,SPRING20,359865.60000000003,53979.840000000004,2023-04-22 00:00:00,Pending,Shipped,Debit Card,MasterCard,18265452916,Jiang Su Sheng Xue Shi Yong Chuan Chen Lu T Zuo  571287
P3DMX50PJ184738857123,Yu Xiu Lan,iPhone/13/Black/254GB,10,64287,642870,WINTER10,578583.0,86787.45,2023-04-22 00:00:00,Pending,Delivered,Bank Transfer,MasterCard,13027518717,Fu Jian Sheng Hong Mei Xian Huai Rou Zheng Zhou Lu D Zuo  108771
BQ69UW475184738857299,Wang Feng,Oppo/Reno5/Purple/32GB,3,129824,389472,SPRING20,311577.60000000003,46736.64000000001,2023-04-22 00:00:00,Pending,Shipped,Bank Transfer,WeChat Pay,18083404699,Nei Meng Gu Zi Zhi Qu Ji Nan Shi Xiu Ying Liu Jie K Zuo  198805
BQBQ1Q791184738857496,Gong Xiu Lan,iPhone/13/Black/254GB,10,102106,1021060,SPRING20,816848.0,122527.2,2023-04-22 00:00:00,Paid,Shipped,Debit Card,Visa,18653749722,Ning Xia Hui Zu Zi Zhi Qu Huai An Shi Ji Qu La Sa Lu D Zuo  892812
DAMAM0204184738857691,Tang Chang,OnePlus/9/Purple/1TB,5,104827,524135,SUMMER15,445514.75,66827.2125,2023-04-22 00:00:00,Failed,Pending,Debit Card,American Express,18817459006,Shan Xi Sheng Xi An Shi Ping Shan Qu Jie P Zuo  460165
WC3P9IJPL184738857867,Sun Feng Lan,Huawei/P40/White/128GB,3,124171,372513,WINTER10,335261.7,50289.255,2023-04-22 00:00:00,Paid,Shipped,Debit Card,Visa,18526624522,Fu Jian Sheng Jun Xian Xiu Ying Fu Zhou Lu B Zuo  157580
VFF1WPFAK184738858029,Li Xiu Hua,Vivo/X60/Blue/8GB,3,149557,448671,AUTUMN5,426237.44999999995,63935.61749999999,2023-04-22 00:00:00,Pending,Shipped,Bank Transfer,American Express,13952211583,Shan Dong Sheng Cheng Du Xian Fu Cheng Chao Zhou Jie Z Zuo  705700
NGMJNATY6184738858196,Song Yang,Xiaomi/Mi 11/White/254GB,7,120263,841841,WINTER10,757656.9,113648.535,2023-04-22 00:00:00,Pending,Shipped,Bank Transfer,Visa,13196712865,Guang Dong Sheng Hu He Hao Te Xian Zhang Shou Shen Zhen Lu A Zuo  191736
F3INKQEFL184738858367,Zhang Li Li,Xiaomi/Mi 11/Red/254GB,9,52248,470232,FESTIVE30,329162.39999999997,49374.35999999999,2023-04-22 00:00:00,Failed,Shipped,PayPal,Alipay,18165869747,Ning Xia Hui Zu Zi Zhi Qu Na Shi Xin Cheng Luo Jie C Zuo  807250
67PDCIAX3184738858557,Luo Li,OnePlus/9/White/8GB,3,68370,205110,WINTER10,184599.0,27689.85,2023-04-22 00:00:00,Pending,In Transit,Bank Transfer,Visa,13632452764,Xin Jiang Wei Wu Er Zi Zhi Qu Lu Xian Shang Jie Chen Lu Z Zuo  212792
IQQSOXDJM184738858749,Dong Xiu Zhen,Oppo/Reno5/Blue/32GB,8,95462,763696,FESTIVE30,534587.2,80188.07999999999,2023-04-22 00:00:00,Failed,In Transit,PayPal,American Express,13450556016,Liao Ning Sheng Tong Liao Shi Jing An Ning De Jie Y Zuo  449273
QSCNVAAE2184738858923,Zheng Fan,Galaxy/S21/Red/254GB,3,92418,277254,FESTIVE30,194077.8,29111.67,2023-04-22 00:00:00,Paid,Shipped,PayPal,Alipay,15330172573,Chong Qing Shi Shen Zhen Xian Sha Wan He Jie E Zuo  947257
EILNOP5NR184738859098,Liu Gui Zhi,iPhone/13 Pro/Blue/128GB,5,88421,442105,SPRING20,353684.0,53052.6,2023-04-22 00:00:00,Paid,Pending,Credit Card,American Express,15654138958,Ao Men Te Bie Xing Zheng Qu Li Hua Xian Ji Zhou Ji Nan Lu X Zuo  684868
4KQ5IX261184738859287,Yang Hai Yan,Vivo/X60/White/8GB,7,140444,983108,SPRING20,786486.4,117972.95999999999,2023-04-22 00:00:00,Pending,In Transit,Credit Card,WeChat Pay,15052680238,Yun Nan Sheng Shi Jia Zhuang Xian Huai Rou Da Ye Lu K Zuo  586425
P4S01OMVP184738859462,Zou Hui,iPhone/13 Pro/Black/128GB,9,80257,722313,FESTIVE30,505619.1,75842.86499999999,2023-04-22 00:00:00,Paid,In Transit,PayPal,American Express,18001565739,Ning Xia Hui Zu Zi Zhi Qu Jing Men Shi Da Xing Zhu Lu B Zuo  540686
8W9L84BZ7184738859657,Zou Liu,Xiaomi/Mi 11/Red/8GB,7,120295,842065,FESTIVE30,589445.5,88416.825,2023-04-22 00:00:00,Paid,Pending,Bank Transfer,WeChat Pay,13168885745,Ji Lin Sheng Xin Ji Xian He Ping Da Ye Lu T Zuo  567101
85HAFLXGV184738859819,Yang Xiu Mei,iPhone/13 Pro/Purple/8GB,7,78053,546371,AUTUMN5,519052.44999999995,77857.8675,2023-04-22 00:00:00,Pending,In Transit,PayPal,Visa,14533018472,Jiang Su Sheng Jing Shi Yong Chuan Du Lu G Zuo  442858
H8OKOB4AT184738859997,Wang Jie,Huawei/P40/Black/254GB,2,101517,203034,NEWYEAR25,152275.5,22841.325,2023-04-22 00:00:00,Paid,In Transit,PayPal,WeChat Pay,13165373342,Ning Xia Hui Zu Zi Zhi Qu Hong Mei Shi Xiao Shan Liu Jie G Zuo  748401
WETAS3IF5184738860198,Wu Jie,iPhone/13/White/254GB,9,121420,1092780,NEWYEAR25,819585.0,122937.75,2023-04-22 00:00:00,Pending,Delivered,PayPal,WeChat Pay,15292430185,Hu Nan Sheng Wu Han Shi Sha Shi Nan Jing Lu I Zuo  917999
XUU1IM8U1184738860370,Lu Xiu Fang,Oppo/Reno5/White/32GB,9,95233,857097,FESTIVE30,599967.8999999999,89995.18499999998,2023-04-22 00:00:00,Pending,Shipped,Bank Transfer,WeChat Pay,18091532418,Shang Hai Shi Ha Er Bin Shi Qing Cheng Ha Er Bin Lu F Zuo  260898
5FHBX5SWP184738860559,Huang Li Hua,Xiaomi/Mi 11/Blue/254GB,7,63398,443786,NEWYEAR25,332839.5,49925.924999999996,2023-04-22 00:00:00,Paid,Delivered,PayPal,WeChat Pay,18525858850,He Bei Sheng Ying Xian An Ci Zheng Jie O Zuo  907769
I2OYHNR2R184738860737,Zhou Xiu Hua,Galaxy/S21/Blue/128GB,1,99783,99783,SPRING20,79826.40000000001,11973.960000000001,2023-04-22 00:00:00,Failed,Delivered,Bank Transfer,Alipay,18134038342,Tai Wan Sheng Ning De Shi Xiu Ying Xi Ning Jie C Zuo  418235
1SHYCYRXN184738860908,Feng Ming,iPhone/13/Purple/1TB,9,103120,928080,WINTER10,835272.0,125290.79999999999,2023-04-22 00:00:00,Pending,In Transit,Debit Card,Alipay,13270970888,Shan Xi Sheng Yan Xian Huang Pu Guang Zhou Jie N Zuo  490180
EETMBJOLJ184738861074,Li Xue,iPhone/13/White/32GB,4,132549,530196,AUTUMN5,503686.19999999995,75552.93,2023-04-22 00:00:00,Paid,Pending,Credit Card,WeChat Pay,18616891570,Yun Nan Sheng Kai Xian Gao Gang Wang Lu K Zuo  381926
C8V6X0P60184738861250,Wang Hong Xia,Huawei/P40/Blue/254GB,6,61514,369084,NEWYEAR25,276813.0,41521.95,2023-04-22 00:00:00,Failed,Shipped,Bank Transfer,Visa,13722203927,He Nan Sheng Yang Xian He Chuan Zhang Jia Gang Lu H Zuo  436632
8HSAAC041184738861429,Li Gui Fang,Huawei/P40/Blue/1TB,5,53070,265350,AUTUMN5,252082.5,37812.375,2023-04-22 00:00:00,Paid,In Transit,Credit Card,American Express,15770960430,Nei Meng Gu Zi Zhi Qu Jia He Xian Gao Ming Huang Jie D Zuo  556827
I9STHK0QC184738861627,Shen Jian Hua,iPhone/13/Black/1TB,8,92486,739888,FESTIVE30,517921.6,77688.23999999999,2023-04-22 00:00:00,Failed,In Transit,Credit Card,Alipay,18802588101,Si Chuan Sheng Shu Hua Shi Huai Rou Duan Jie P Zuo  558119
MK6H7LSYZ184738861808,Lu Bin,Galaxy/S21/Black/32GB,9,70649,635841,AUTUMN5,604048.95,90607.34249999998,2023-04-22 00:00:00,Failed,Delivered,Bank Transfer,WeChat Pay,15121347691,Si Chuan Sheng Xing Cheng Xian Dong Cheng Jiang Lu C Zuo  170199
J8LLJ2ZZ8184738861979,Xia Gui Rong,Vivo/X60/Black/128GB,7,96782,677474,FESTIVE30,474231.8,71134.76999999999,2023-04-22 00:00:00,Paid,Delivered,Debit Card,American Express,15568451342,Hai Nan Sheng Lan Ying Shi Nan Hu Ceng Lu R Zuo  854020
5E75V088F184738862166,Xu Chang,Oppo/Reno5/Red/128GB,1,142823,142823,NEWYEAR25,107117.25,16067.5875,2023-04-22 00:00:00,Paid,Shipped,Credit Card,PayPal,15255453120,An Hui Sheng Ying Xian Ping Shan Hu Lu W Zuo  546969
81ZJWAT7J184738862337,Wei Yu,OnePlus/9/Red/128GB,1,68001,68001,SUMMER15,57800.85,8670.127499999999,2023-04-22 00:00:00,Paid,Shipped,PayPal,MasterCard,13268028045,He Nan Sheng Liu Pan Shui Xian Yong Chuan Zhang Jia Gang Jie F Zuo  329751
0GH2F8Z3C184738862517,Yang Yun,Vivo/X60/White/64GB,1,129663,129663,AUTUMN5,123179.84999999999,18476.977499999997,2023-04-22 00:00:00,Pending,In Transit,Debit Card,PayPal,18824677573,He Bei Sheng Shen Yang Xian Mu Ye Qu Lu I Zuo  457418
4VBZ5UWHM184738862697,Zhang Xin,OnePlus/9/White/254GB,4,120139,480556,NEWYEAR25,360417.0,54062.549999999996,2023-04-22 00:00:00,Paid,Delivered,Bank Transfer,Visa,14792839163,Liao Ning Sheng Xue Shi Gao Gang Li Lu B Zuo  187602
SMPKUOVNL184738862869,Zhao Hao,iPhone/13/Blue/128GB,6,60666,363996,SPRING20,291196.8,43679.52,2023-04-22 00:00:00,Pending,Shipped,Bank Transfer,American Express,18938628902,Chong Qing Shi Qin Shi Xiao Nan Huang Jie Z Zuo  720078
DT654ZZLV184738863043,Li Yu,iPhone/13 Pro/Purple/64GB,7,121361,849527,SPRING20,679621.6000000001,101943.24,2023-04-22 00:00:00,Paid,Delivered,Bank Transfer,PayPal,13462247893,He Bei Sheng Gui Fang Shi Gao Ming Lin Jie M Zuo  787132
BRVJ72GW7184738863215,Zhou Gui Zhi,Huawei/P40/Blue/64GB,4,149547,598188,NEWYEAR25,448641.0,67296.15,2023-04-22 00:00:00,Pending,Pending,Debit Card,American Express,14544780880,Shang Hai Shi Gui Ying Shi Yong Chuan Guan Jie W Zuo  969632
8CKQPAE7U184738863393,Kong Chen,OnePlus/9/White/1TB,5,90838,454190,SPRING20,363352.0,54502.799999999996,2023-04-22 00:00:00,Paid,Shipped,Debit Card,PayPal,18098463008,Hu Bei Sheng Fang Xian Bin Cheng Guang Zhou Lu Z Zuo  532144
3Y8BRYZ8B184738863554,Ding Jian Guo,Huawei/P40/Red/8GB,6,109202,655212,FESTIVE30,458648.39999999997,68797.26,2023-04-22 00:00:00,Paid,Shipped,PayPal,Visa,18096953767,Ji Lin Sheng Nan Ning Xian Huai Rou La Sa Lu F Zuo  624900
ETJXHOIZ8184738863725,Jiang Gui Lan,iPhone/13/Black/1TB,9,136635,1229715,SUMMER15,1045257.75,156788.6625,2023-04-22 00:00:00,Paid,Pending,Debit Card,Alipay,14505310169,Xi Zang Zi Zhi Qu Xiu Hua Shi Bi Shan Hu He Hao Te Jie S Zuo  552887
SEWV3BF4U184738863917,Zhang Fan,iPhone/13/Purple/254GB,6,109327,655962,SPRING20,524769.6,78715.43999999999,2023-04-22 00:00:00,Pending,In Transit,Bank Transfer,MasterCard,14706877171,Shan Xi Sheng Xiu Zhen Shi Yong Chuan Cheng Jie I Zuo  215632
4GN6H54ZC184738864095,Xiang Jian Jun,iPhone/13 Pro/Black/128GB,7,113424,793968,WINTER10,714571.2000000001,107185.68000000001,2023-04-22 00:00:00,Pending,In Transit,Debit Card,WeChat Pay,18637859694,Gan Su Sheng Fo Shan Xian Xiang An Yang Lu T Zuo  448986
8Q5LF7F5Z184738864279,Zhang Xiang,Vivo/X60/Black/128GB,4,77142,308568,WINTER10,277711.2,41656.68,2023-04-22 00:00:00,Failed,Delivered,Bank Transfer,American Express,15747512609,An Hui Sheng Bo Shi Nan Zhang Liu Zhou Lu Z Zuo  675019
YZWT97RH0184738864437,Zhang Xiu Ying,OnePlus/9/Red/64GB,10,59361,593610,SPRING20,474888.0,71233.2,2023-04-22 00:00:00,Pending,In Transit,Credit Card,MasterCard,14550022150,Tian Jin Shi Jian Shi Gao Ming Wang Lu U Zuo  477459
8GQ6FC7EG184738864614,Xu Gui Zhi,iPhone/13/Blue/254GB,4,61946,247784,NEWYEAR25,185838.0,27875.7,2023-04-22 00:00:00,Failed,Pending,PayPal,American Express,18709569922,He Nan Sheng Fu Xin Xian Qing He Ma An Shan Lu I Zuo  696223
G2PNSYO9K184738864797,Dong Yu Lan,Vivo/X60/Blue/32GB,3,100331,300993,SPRING20,240794.40000000002,36119.16,2023-04-22 00:00:00,Paid,Delivered,Bank Transfer,WeChat Pay,13360016825,Si Chuan Sheng Ping Shi Pu Tuo Shi Jia Zhuang Lu N Zuo  282815
4CO15Q1CJ184738864973,Wang Rong,iPhone/13/Purple/254GB,6,107059,642354,FESTIVE30,449647.8,67447.17,2023-04-22 00:00:00,Failed,Pending,PayPal,Alipay,15781466438,Shan Dong Sheng Ha Er Bin Xian Da Dong Wang Jie R Zuo  182581
TKGNI3DFP184738865158,Zhu Xiang,Galaxy/S21/Purple/8GB,1,100828,100828,AUTUMN5,95786.59999999999,14367.989999999998,2023-04-22 00:00:00,Paid,Shipped,Credit Card,WeChat Pay,13887832946,Jiang Xi Sheng Qin Xian Long Tan Lu An Lu A Zuo  206780
T6RY91VUH184738865330,Zhang Gui Lan,iPhone/13/Purple/128GB,2,123172,246344,NEWYEAR25,184758.0,27713.7,2023-04-22 00:00:00,Failed,Delivered,Credit Card,Alipay,13546780190,Hu Nan Sheng Lu Xian Zi Chuan Ha Er Bin Lu O Zuo  745050
J8CMVVW53184738865506,Huang Jing,Xiaomi/Mi 11/Blue/64GB,1,110469,110469,AUTUMN5,104945.54999999999,15741.832499999997,2023-04-22 00:00:00,Pending,Pending,Credit Card,Alipay,15540092526,Chong Qing Shi Nan Ning Xian He Ping He Fei Jie F Zuo  564357
C3X9S40IJ184738865674,Liu Cheng,Oppo/Reno5/Blue/64GB,1,83443,83443,SPRING20,66754.40000000001,10013.160000000002,2023-04-22 00:00:00,Failed,Delivered,Bank Transfer,Visa,15362950327,Xin Jiang Wei Wu Er Zi Zhi Qu Chao Zhou Xian Zhao Yang Zhao Lu J Zuo  149349
CDQC378GC184738865878,Zhu Kun,Galaxy/S21/Black/32GB,8,115847,926776,SUMMER15,787759.6,118163.93999999999,2023-04-22 00:00:00,Failed,Delivered,Credit Card,Alipay,18755355860,Hu Nan Sheng Xiu Rong Shi Sha Shi Zhang Lu F Zuo  565005
FW1WWOXGT184738866052,Zhang Chen,iPhone/13 Pro/Purple/254GB,10,124184,1241840,FESTIVE30,869288.0,130393.2,2023-04-22 00:00:00,Failed,Pending,PayPal,Visa,13967900582,Zhe Jiang Sheng Bei Zhen Xian Nan Hu Wang Jie S Zuo  707302
Z4UUOMTVZ184738866231,Chen Wen,OnePlus/9/Blue/64GB,4,110441,441764,AUTUMN5,419675.8,62951.369999999995,2023-04-22 00:00:00,Paid,In Transit,Credit Card,American Express,15259671704,Gui Zhou Sheng Nan Ning Xian Xiang An Bei Zhen Jie O Zuo  682824
NV7KG1FWB184738866398,Chai Cheng,OnePlus/9/White/128GB,9,99167,892503,FESTIVE30,624752.1,93712.81499999999,2023-04-22 00:00:00,Failed,Shipped,PayPal,PayPal,15331718750,Ning Xia Hui Zu Zi Zhi Qu Xi An Shi Nan Zhang Ling Jie K Zuo  136167
ZNLC1KBWF184738866602,Tian Wen,Galaxy/S21/Red/1TB,4,55529,222116,AUTUMN5,211010.19999999998,31651.529999999995,2023-04-22 00:00:00,Failed,Shipped,Credit Card,WeChat Pay,13738290687,He Nan Sheng Shi Jia Zhuang Xian Xiao Nan Yang Jie I Zuo  291177
SX6E3AAWO184738866786,Yang Bin,OnePlus/9/Purple/32GB,8,100346,802768,SUMMER15,682352.7999999999,102352.91999999998,2023-04-22 00:00:00,Paid,Shipped,PayPal,American Express,13732376574,Guang Xi Zhuang Zu Zi Zhi Qu Peng Xian Qing Cheng Li Lu N Zuo  559477
JOZ7OJIXQ184738866993,Zhu Chang,Xiaomi/Mi 11/Blue/64GB,6,98096,588576,SPRING20,470860.80000000005,70629.12000000001,2023-04-22 00:00:00,Pending,In Transit,PayPal,PayPal,13096355306,Liao Ning Sheng Tong Liao Xian Shang Jie Bai Jie Y Zuo  619610
GCVA5ES5R184738867178,Zhang Chun Mei,Oppo/Reno5/Purple/8GB,2,78452,156904,WINTER10,141213.6,21182.04,2023-04-22 00:00:00,Paid,Delivered,Bank Transfer,WeChat Pay,13009535176,Hu Bei Sheng Guang Zhou Xian Jiang Bei Tan Jie C Zuo  209052
AQMDNCUB1184738867365,Lai Xue,Huawei/P40/Black/254GB,6,53187,319122,FESTIVE30,223385.4,33507.81,2023-04-22 00:00:00,Paid,Pending,Debit Card,PayPal,13183080406,Xi Zang Zi Zhi Qu Lu Xian Hai Ling Jin Jie S Zuo  525304
9GKOM3J52184738867548,Liu Hong,OnePlus/9/Purple/32GB,10,116927,1169270,SPRING20,935416.0,140312.4,2023-04-22 00:00:00,Paid,Pending,Bank Transfer,PayPal,15072151432,Shan Dong Sheng Zheng Zhou Xian Da Xing Gui Yang Jie K Zuo  495314
VKHUWCXEP184738867717,Dai Shu Zhen,iPhone/13 Pro/Blue/1TB,1,82461,82461,SPRING20,65968.8,9895.32,2023-04-22 00:00:00,Failed,Delivered,Credit Card,MasterCard,14726838030,Liao Ning Sheng Liu Zhou Xian Sha Wan Wu Han Lu Z Zuo  514888
R99EBVEZM184738867890,Ji Jia,Vivo/X60/White/32GB,10,71873,718730,FESTIVE30,503110.99999999994,75466.65,2023-04-22 00:00:00,Pending,In Transit,Debit Card,Visa,13316388345,Guang Dong Sheng Bei Jing Shi Shang Jie Chen Lu P Zuo  772488
HX060XVWG184738868073,Han Li,iPhone/13 Pro/Black/128GB,4,107521,430084,SUMMER15,365571.39999999997,54835.70999999999,2023-04-22 00:00:00,Pending,Shipped,PayPal,Alipay,13448930773,Chong Qing Shi Zhang Chun Shi Min Xing Zhang Lu J Zuo  124785
Z1HACOMB5184738868262,Zhou Gui Xiang,Huawei/P40/Black/254GB,2,74331,148662,FESTIVE30,104063.4,15609.509999999998,2023-04-22 00:00:00,Paid,Pending,PayPal,Visa,18682112146,Jiang Su Sheng Ha Er Bin Shi Chong Wen Zhang Lu N Zuo  323181
74SL7KE5I184738868447,Yang Yu Mei,iPhone/13/Red/32GB,8,143097,1144776,WINTER10,1030298.4,154544.76,2023-04-22 00:00:00,Pending,Pending,Bank Transfer,WeChat Pay,13150408693,Shan Xi Sheng Hong Xia Shi Gao Gang Wu Lu I Zuo  349723
M4U3TZ0X2184738868634,Zhang Shu Hua,Xiaomi/Mi 11/White/254GB,8,130524,1044192,AUTUMN5,991982.3999999999,148797.36,2023-04-22 00:00:00,Paid,In Transit,Bank Transfer,American Express,15356175181,Nei Meng Gu Zi Zhi Qu Xing Cheng Shi Feng Dou Han Dan Jie G Zuo  671295
Z7G9RT7ZM184738868828,Liu Liu,iPhone/13/Red/32GB,10,63416,634160,FESTIVE30,443912.0,66586.8,2023-04-22 00:00:00,Paid,Pending,Credit Card,PayPal,18742881658,Fu Jian Sheng Gui Yang Xian Nan Hu Nan Ning Lu J Zuo  655251
MJZEPK23H184738868992,Li Li Juan,Xiaomi/Mi 11/White/32GB,7,101454,710178,SPRING20,568142.4,85221.36,2023-04-22 00:00:00,Paid,In Transit,Bank Transfer,MasterCard,15506070192,Tian Jin Shi Shu Zhen Xian Shang Jie He Fei Lu J Zuo  981718
MV7XJ2822184738869164,Yang Lei,Xiaomi/Mi 11/Black/254GB,4,94619,378476,SPRING20,302780.8,45417.119999999995,2023-04-22 00:00:00,Failed,Pending,Credit Card,MasterCard,15677880675,Xin Jiang Wei Wu Er Zi Zhi Qu Li Shi He Ping Shi Jia Zhuang Jie K Zuo  903727
A3MX53ECZ184738869345,Qin Xiu Zhen,Huawei/P40/Blue/64GB,2,118027,236054,WINTER10,212448.6,31867.29,2023-04-22 00:00:00,Failed,Delivered,Debit Card,Alipay,13186861720,Shan Xi Sheng Ying Xian Bai Yun Yin Chuan Jie Y Zuo  896520
PKY4D2UTA184738869508,He Ying,Galaxy/S21/Black/32GB,8,63603,508824,AUTUMN5,483382.8,72507.42,2023-04-22 00:00:00,Failed,Delivered,Credit Card,PayPal,13205809060,Qing Hai Sheng Kai Xian Men Tou Gou Chang Sha Lu R Zuo  389405
C271MXBZC184738869674,Zhong Yong,iPhone/13/Black/128GB,1,108593,108593,FESTIVE30,76015.09999999999,11402.264999999998,2023-04-22 00:00:00,Paid,Shipped,PayPal,American Express,15170393701,Gui Zhou Sheng Xiu Zhen Shi Liu Zhi Te He Fei Lu C Zuo  461862
5YR1193W5184738869842,Zhou Yu Hua,Oppo/Reno5/Red/128GB,6,76261,457566,AUTUMN5,434687.69999999995,65203.15499999999,2023-04-22 00:00:00,Failed,In Transit,Debit Card,MasterCard,15182680620,Bei Jing Shi Yu Hua Xian Gao Ping Li Jie L Zuo  945993
KEI40CIKT184738870025,Chen Ping,iPhone/13/Blue/1TB,7,125578,879046,FESTIVE30,615332.2,92299.82999999999,2023-04-22 00:00:00,Pending,Shipped,PayPal,PayPal,13270520546,Si Chuan Sheng Lan Zhou Shi Long Tan Yi Dou Jie J Zuo  161356
ON68EXQ5D184738870194,Zhou Xiu Mei,Xiaomi/Mi 11/Red/8GB,1,87686,87686,AUTUMN5,83301.7,12495.255,2023-04-22 00:00:00,Failed,Pending,PayPal,WeChat Pay,15543950328,An Hui Sheng Xin Ji Xian Shan Ting Li Jie H Zuo  805815
CROL3YGLP184738870372,Wu Li Hua,Huawei/P40/Black/64GB,8,147381,1179048,AUTUMN5,1120095.5999999999,168014.33999999997,2023-04-22 00:00:00,Failed,Pending,Debit Card,MasterCard,13972175818,He Bei Sheng La Sa Xian Xu Hui Guang Zhou Jie Q Zuo  682451
O658ZGT7N184738870540,Li Hui,OnePlus/9/Blue/32GB,10,130384,1303840,SPRING20,1043072.0,156460.8,2023-04-22 00:00:00,Pending,Pending,Bank Transfer,WeChat Pay,13307438033,Shan Dong Sheng Zhang Sha Shi Xun Yang Shen Yang Lu V Zuo  882207
N9JAUU5Y0184738870705,Yang Yu,iPhone/13/Black/32GB,8,110016,880128,FESTIVE30,616089.6,92413.43999999999,2023-04-22 00:00:00,Failed,In Transit,PayPal,WeChat Pay,18004745597,Tai Wan Sheng Hang Zhou Xian Xing Shan Jing Men Lu Y Zuo  963693
SKE1U35NW184738870867,Cen Dan Dan,Galaxy/S21/White/128GB,1,85329,85329,WINTER10,76796.1,11519.415,2023-04-22 00:00:00,Paid,In Transit,Debit Card,Alipay,14537179628,Jiang Su Sheng Li Juan Shi Cheng Bei Wang Jie X Zuo  259285
657VT5AZC184738871048,Li Li,Xiaomi/Mi 11/Red/1TB,7,77505,542535,NEWYEAR25,406901.25,61035.1875,2023-04-22 00:00:00,Pending,Delivered,Credit Card,Visa,15146813312,He Bei Sheng Long Shi Jing An Chen Lu K Zuo  443945
V9NAQJ45D184738871218,Wu Xiu Zhen,Huawei/P40/Blue/128GB,10,101622,1016220,SUMMER15,863787.0,129568.04999999999,2023-04-22 00:00:00,Pending,Shipped,Credit Card,American Express,15606467641,Ao Men Te Bie Xing Zheng Qu Hao Shi Dong Cheng Chao Zhou Lu Q Zuo  834467
FKUEWPXLO184738871405,Tan Hong,Huawei/P40/White/32GB,4,65703,262812,SPRING20,210249.6,31537.44,2023-04-22 00:00:00,Pending,Shipped,Credit Card,PayPal,13819784003,Jiang Su Sheng Long Shi Shen Bei Xin Liu Zhou Lu C Zuo  597699
HKCK1HOOZ184738871566,Chen Zhi Qiang,Xiaomi/Mi 11/Purple/32GB,6,79025,474150,NEWYEAR25,355612.5,53341.875,2023-04-22 00:00:00,Pending,Pending,PayPal,American Express,14553236139,Guang Xi Zhuang Zu Zi Zhi Qu Gui Yang Shi He Chuan Wang Lu J Zuo  529762
OT1K1BUJC184738871767,Sun Ping,Oppo/Reno5/White/32GB,10,77431,774310,FESTIVE30,542017.0,81302.55,2023-04-22 00:00:00,Pending,Pending,Credit Card,WeChat Pay,15198674106,Fu Jian Sheng Wei Shi Pu Tuo Shi Jie S Zuo  271305
0LYGVB7GX184738871933,Lu Xiu Ying,Huawei/P40/White/254GB,7,66089,462623,AUTUMN5,439491.85,65923.7775,2023-04-22 00:00:00,Pending,Delivered,Credit Card,Alipay,14503387856,Xi Zang Zi Zhi Qu Da Ye Shi Xiao Shan Jiang Jie W Zuo  883654
G4CP5N9RP184738872124,Su Xiu Hua,Vivo/X60/Purple/254GB,5,65421,327105,SPRING20,261684.0,39252.6,2023-04-22 00:00:00,Failed,Pending,Bank Transfer,WeChat Pay,13502538292,Fu Jian Sheng Jie Shi Long Tan Nan Ning Jie V Zuo  719001
KME3OYAFR184738872283,Chen Yang,OnePlus/9/Purple/32GB,7,113382,793674,AUTUMN5,753990.2999999999,113098.54499999998,2023-04-22 00:00:00,Pending,Delivered,Bank Transfer,Visa,13811368771,Zhe Jiang Sheng Gui Zhi Shi Men Tou Gou Chao Zhou Lu N Zuo  458841
V980EPNOU184738872451,Pan Yong,Oppo/Reno5/Black/128GB,5,121305,606525,NEWYEAR25,454893.75,68234.0625,2023-04-22 00:00:00,Pending,In Transit,Bank Transfer,Alipay,15518114674,Hai Nan Sheng Ying Shi Yong Chuan Wang Jie O Zuo  506647
6O58YQKWG184738872621,Mao Long,OnePlus/9/White/128GB,10,83415,834150,WINTER10,750735.0,112610.25,2023-04-22 00:00:00,Failed,Pending,Debit Card,Visa,15093083405,Tai Wan Sheng Hai Yan Shi Xu Hui Qi Jie M Zuo  651429
MO09XI55I184738872795,Zhao Yan,Galaxy/S21/Blue/1TB,5,119944,599720,AUTUMN5,569734.0,85460.09999999999,2023-04-22 00:00:00,Paid,Pending,Debit Card,WeChat Pay,15547300468,Hei Long Jiang Sheng Xiu Zhen Shi Liang Ping Zhou Lu T Zuo  447092
USQCR6UTK184738872977,Zhang Min,iPhone/13/White/254GB,8,121375,971000,SPRING20,776800.0,116520.0,2023-04-22 00:00:00,Failed,Delivered,Debit Card,Visa,15315480567,Gan Su Sheng Xiu Ying Xian Cheng Dong Xu Jie J Zuo  335047
R3LVYRY9U184738873148,Mou Xiu Ying,iPhone/13 Pro/Black/1TB,3,54073,162219,NEWYEAR25,121664.25,18249.6375,2023-04-22 00:00:00,Pending,Delivered,PayPal,MasterCard,13560273191,Hu Bei Sheng Da Ye Xian Xing Shan Lan Zhou Jie R Zuo  614622
G6D8BX3VJ184738873313,Ye Huan,OnePlus/9/Purple/32GB,8,52030,416240,FESTIVE30,291368.0,43705.2,2023-04-22 00:00:00,Failed,In Transit,Bank Transfer,PayPal,18556650209,He Bei Sheng Mei Shi Xiao Shan Hai Kou Lu E Zuo  100540
COFI8OL7X184738873473,Guo Jia,OnePlus/9/Purple/8GB,2,54273,108546,SUMMER15,92264.09999999999,13839.614999999998,2023-04-22 00:00:00,Pending,Delivered,Debit Card,American Express,13767510092,Ji Lin Sheng Liu Pan Shui Shi Da Xing Hu Jie M Zuo  782563
VCWUWZF4R184738873659,Zhong Li,Galaxy/S21/Black/64GB,10,139430,1394300,SPRING20,1115440.0,167316.0,2023-04-22 00:00:00,Paid,Delivered,Debit Card,Visa,15282541465,Hu Nan Sheng Zheng Zhou Shi Da Dong Zhang Lu F Zuo  513237
GVQW6STOI184738873837,Wan Shu Zhen,Xiaomi/Mi 11/Red/32GB,3,65134,195402,NEWYEAR25,146551.5,21982.725,2023-04-22 00:00:00,Pending,Shipped,Debit Card,Alipay,14715292462,Xi Zang Zi Zhi Qu Tong Liao Xian Ji Qu Li Jie S Zuo  308734
MUAXZUEGY184738874029,Zhao Xiu Fang,Huawei/P40/Red/32GB,7,100397,702779,NEWYEAR25,527084.25,79062.6375,2023-04-22 00:00:00,Failed,Delivered,Debit Card,Alipay,18118301557,He Nan Sheng Jian Shi Zhao Yang Nan Jing Jie K Zuo  179639
77JXS705J184738874195,An Hong Xia,Huawei/P40/Black/64GB,9,123692,1113228,SPRING20,890582.4,133587.36,2023-04-22 00:00:00,Failed,Pending,Credit Card,WeChat Pay,15286937713,Jiang Su Sheng Shu Hua Xian Hai Gang Ran Lu M Zuo  701514
F0A15HL29184738874378,Wang Jun,Oppo/Reno5/Blue/64GB,1,59825,59825,FESTIVE30,41877.5,6281.625,2023-04-22 00:00:00,Paid,In Transit,Credit Card,MasterCard,18669266667,Nei Meng Gu Zi Zhi Qu Gui Rong Xian Cheng Dong Wang Lu V Zuo  305991
REGDJT67O184738874570,Liang Yang,iPhone/13 Pro/Black/64GB,1,127386,127386,NEWYEAR25,95539.5,14330.925,2023-04-22 00:00:00,Failed,In Transit,PayPal,Alipay,18884253458,Guang Xi Zhuang Zu Zi Zhi Qu Han Dan Xian Bi Shan Wang Lu E Zuo  952210
Z1TC7XQZ5184738874760,Lu Min,Huawei/P40/White/32GB,9,82068,738612,FESTIVE30,517028.39999999997,77554.26,2023-04-22 00:00:00,Pending,In Transit,Bank Transfer,WeChat Pay,13412406085,Xiang Gang Te Bie Xing Zheng Qu Ting Ting Xian Fang Shan Tong Liao Jie T Zuo  812846
S5LDMWTT6184738874946,Zheng Ying,Xiaomi/Mi 11/Red/64GB,1,59821,59821,FESTIVE30,41874.7,6281.204999999999,2023-04-22 00:00:00,Failed,Shipped,Bank Transfer,Alipay,15852482387,Shan Xi Sheng Bei Jing Xian Ping Shan Song Lu A Zuo  377441
RCE9NJL9K184738875122,Gu Shu Ying,iPhone/13 Pro/Purple/32GB,8,121225,969800,AUTUMN5,921310.0,138196.5,2023-04-22 00:00:00,Pending,Delivered,Debit Card,PayPal,14542891589,Chong Qing Shi Jie Shi Jiang Bei Mao Lu I Zuo  351968
M90UGC8KH184738875297,Wu Na,Galaxy/S21/White/254GB,2,75112,150224,SUMMER15,127690.4,19153.559999999998,2023-04-22 00:00:00,Pending,Pending,Credit Card,American Express,13740747234,Xiang Gang Te Bie Xing Zheng Qu Xiu Hua Shi Qing Cheng Liu Lu F Zuo  606529
S4J2K291Y184738875495,Wang Shuai,Xiaomi/Mi 11/Red/8GB,2,111255,222510,FESTIVE30,155757.0,23363.55,2023-04-22 00:00:00,Paid,Shipped,Credit Card,WeChat Pay,18182462647,An Hui Sheng Shen Zhen Xian Da Xing Zheng Zhou Jie Z Zuo  218092
7UUIX2VU8184738875659,Xue Jian Hua,iPhone/13/Purple/32GB,8,126487,1011896,FESTIVE30,708327.2,106249.07999999999,2023-04-22 00:00:00,Failed,Pending,Credit Card,Alipay,13478991715,Xi Zang Zi Zhi Qu Qiang Shi Ji Zhou Liu Zhou Lu L Zuo  913382
2XY6H89T7184738875830,Zhang Xiu Zhen,Huawei/P40/Blue/254GB,2,133566,267132,NEWYEAR25,200349.0,30052.35,2023-04-22 00:00:00,Paid,Shipped,Credit Card,MasterCard,15084851488,Jiang Xi Sheng Dong Guan Xian Xiao Shan Liu Lu E Zuo  482949
8HG5JQ6L8184738876008,Liu Jian Ping,Oppo/Reno5/Red/32GB,8,129968,1039744,AUTUMN5,987756.7999999999,148163.52,2023-04-22 00:00:00,Failed,In Transit,Debit Card,WeChat Pay,18899039993,Hai Nan Sheng Jian Ping Xian Bi Shan Yong An Jie D Zuo  165055
NDIJHIOFU184738876172,Xu Yu,iPhone/13 Pro/Blue/8GB,6,101278,607668,AUTUMN5,577284.6,86592.68999999999,2023-04-22 00:00:00,Paid,Pending,Bank Transfer,WeChat Pay,13912548768,Hu Bei Sheng Yun Shi He Chuan Wang Jie S Zuo  733970
E7Z1A7ZD5184738876342,Dou Qian,Oppo/Reno5/Red/8GB,10,118464,1184640,SUMMER15,1006944.0,151041.6,2023-04-22 00:00:00,Paid,Shipped,Credit Card,American Express,14558461067,Shan Dong Sheng Jing Men Xian Da Dong Tong Liao Jie A Zuo  893047
ZGFITTRTL184738876502,Yu Feng Ying,Huawei/P40/Black/8GB,10,145763,1457630,FESTIVE30,1020340.9999999999,153051.14999999997,2023-04-22 00:00:00,Pending,Pending,Bank Transfer,WeChat Pay,13411913708,Gan Su Sheng Tai Yuan Shi Hai Ling Zong Jie Y Zuo  482181
WRGNP0X0N184738876681,Zheng Gui Zhen,iPhone/13 Pro/Black/8GB,4,81355,325420,SPRING20,260336.0,39050.4,2023-04-22 00:00:00,Pending,Delivered,Credit Card,Alipay,18015022306,Xin Jiang Wei Wu Er Zi Zhi Qu Li Hua Xian Qing Pu Zhou Jie X Zuo  808148
SP4M8UVYE184738876879,Zhao Chen,Oppo/Reno5/Black/254GB,6,89945,539670,FESTIVE30,377769.0,56665.35,2023-04-22 00:00:00,Pending,Shipped,Credit Card,American Express,14780339638,Tai Wan Sheng Lu Xian Xi Feng Yin Lu O Zuo  445091
LE9Y6AEI7184738877045,Ma Yang,Xiaomi/Mi 11/Blue/128GB,3,73939,221817,SPRING20,177453.6,26618.04,2023-04-22 00:00:00,Paid,Pending,Credit Card,Alipay,13759035220,Shang Hai Shi Jun Shi Shuang Luan Qian Jiang Jie E Zuo  811982
KOWJ01SYA184738877205,Liu Peng,OnePlus/9/Blue/64GB,9,51814,466326,SPRING20,373060.80000000005,55959.12,2023-04-22 00:00:00,Paid,Shipped,Bank Transfer,Alipay,15752978233,He Nan Sheng Bei Jing Shi Sha Wan Qian Lu W Zuo  598764
IBG9U5M41184738877455,Ceng Dan Dan,Galaxy/S21/Red/8GB,1,71387,71387,FESTIVE30,49970.899999999994,7495.634999999998,2023-04-22 00:00:00,Paid,Delivered,PayPal,PayPal,18140744315,An Hui Sheng Dong Shi Ji Zhou Huai An Jie D Zuo  104858
899LSW89S184738877674,Tao Qian,Vivo/X60/White/128GB,9,111943,1007487,AUTUMN5,957112.6499999999,143566.8975,2023-04-22 00:00:00,Failed,Delivered,PayPal,WeChat Pay,18039210653,Si Chuan Sheng Jian Jun Xian Chong Wen Wang Jie Y Zuo  189091
OFMIRZ8HD184738877877,Chen Jie,OnePlus/9/White/254GB,3,133730,401190,SUMMER15,341011.5,51151.725,2023-04-22 00:00:00,Failed,Pending,Debit Card,Visa,15167964061,Yun Nan Sheng Jing Shi Pu Tuo Mi Lu R Zuo  687393
SY78CRQ4I184738878058,Lin Bing,iPhone/13/Purple/254GB,7,90411,632877,NEWYEAR25,474657.75,71198.66249999999,2023-04-22 00:00:00,Paid,Shipped,Bank Transfer,American Express,13529604592,He Nan Sheng Nan Ning Shi Gao Ming Cheng Du Lu D Zuo  296568
K0MVPB7X2184738878229,Qin Lei,iPhone/13/White/32GB,3,134050,402150,SUMMER15,341827.5,51274.125,2023-04-22 00:00:00,Pending,Pending,Credit Card,WeChat Pay,14535424837,Zhe Jiang Sheng Liao Yang Shi Jiang Bei Han Jie H Zuo  330478
ND758OJ7B184738878408,Zhang Lei,Oppo/Reno5/Red/64GB,6,104363,626178,FESTIVE30,438324.6,65748.68999999999,2023-04-22 00:00:00,Failed,In Transit,Bank Transfer,MasterCard,13562375417,Bei Jing Shi Huan Shi Hai Ling Liang Jie B Zuo  564261
UNA5UHV8I184738878579,Gao Fan,OnePlus/9/Black/64GB,5,96410,482050,WINTER10,433845.0,65076.75,2023-04-22 00:00:00,Paid,Delivered,Bank Transfer,Visa,13866668762,Xin Jiang Wei Wu Er Zi Zhi Qu Xin Xian Min Xing Wu Jie J Zuo  217730
KJWML344D184738878775,Tang Feng Ying,Galaxy/S21/Black/64GB,10,140464,1404640,AUTUMN5,1334408.0,200161.19999999998,2023-04-22 00:00:00,Paid,In Transit,Bank Transfer,WeChat Pay,18052184347,Hu Bei Sheng Yu Shi Men Tou Gou Tian Lu V Zuo  927205
MISVDJ5BP184738878961,Zhang Jian Hua,Oppo/Reno5/Black/64GB,5,98916,494580,AUTUMN5,469851.0,70477.65,2023-04-22 00:00:00,Pending,Shipped,Debit Card,Alipay,18692010775,He Nan Sheng Qian Jiang Shi Da Xing Shen Yang Lu G Zuo  572341
3KDS9P9W6184738879128,Tian Xin,iPhone/13/Purple/1TB,4,120149,480596,WINTER10,432536.4,64880.46,2023-04-22 00:00:00,Failed,In Transit,Debit Card,PayPal,15371134653,Hei Long Jiang Sheng Kai Shi Xiao Nan Nan Chang Jie C Zuo  543403
MDIPB5Y67184738879290,Luo Na,Xiaomi/Mi 11/Blue/64GB,8,67069,536552,WINTER10,482896.8,72434.51999999999,2023-04-22 00:00:00,Pending,Pending,Credit Card,WeChat Pay,13983235873,Tian Jin Shi Wu Lu Mu Qi Xian Cheng Dong Fu Zhou Jie I Zuo  704351
ZXL1ZUH6F184738879464,Shen Jie,Xiaomi/Mi 11/Purple/64GB,3,66913,200739,NEWYEAR25,150554.25,22583.1375,2023-04-22 00:00:00,Pending,In Transit,Credit Card,MasterCard,14596108966,Nei Meng Gu Zi Zhi Qu Xin Ji Shi Liang Ping Duan Lu W Zuo  317790
IW9CZH4G6184738879654,Miao Yu Hua,iPhone/13 Pro/White/32GB,10,53175,531750,SPRING20,425400.0,63810.0,2023-04-22 00:00:00,Pending,Shipped,PayPal,American Express,13935383145,Jiang Xi Sheng Ao Men Shi Huang Pu Cheng Jie S Zuo  795646
506VCOA0D184738879835,Song Rong,iPhone/13 Pro/Black/1TB,7,68762,481334,SPRING20,385067.2,57760.08,2023-04-22 00:00:00,Pending,Shipped,Credit Card,American Express,14744612088,Chong Qing Shi Nan Ning Xian Min Xing Xiao Lu A Zuo  219858
P1BRKNLZI184738880007,Yang Ling,Xiaomi/Mi 11/Blue/8GB,4,132029,528116,FESTIVE30,369681.19999999995,55452.17999999999,2023-04-22 00:00:00,Paid,Pending,Debit Card,MasterCard,18219483138,Si Chuan Sheng Yu Ying Xian Yong Chuan Nan Chang Lu Z Zuo  972885
Y8X271W7S184738880172,Yin Xiu Mei,iPhone/13 Pro/Blue/32GB,1,68873,68873,FESTIVE30,48211.1,7231.665,2023-04-22 00:00:00,Paid,Pending,Bank Transfer,Visa,15144549248,Xin Jiang Wei Wu Er Zi Zhi Qu Xia Xian Fu Cheng Ma Jie C Zuo  966749
TTM53I3E1184738880363,Zhang Zhi Qiang,Huawei/P40/Black/1TB,6,90359,542154,NEWYEAR25,406615.5,60992.325,2023-04-22 00:00:00,Pending,Delivered,Bank Transfer,WeChat Pay,15682097731,Si Chuan Sheng Hui Xian Feng Dou Lan Zhou Jie G Zuo  266849
VRETGGXL8184738880528,Li Hong Mei,Oppo/Reno5/Red/8GB,7,117954,825678,NEWYEAR25,619258.5,92888.775,2023-04-22 00:00:00,Pending,Pending,PayPal,Visa,18521220610,Shan Xi Sheng Tian Jin Xian Cheng Dong Fu Xin Lu O Zuo  292015
PJA9TUO8U184738880689,Wei Xiu Fang,Galaxy/S21/Blue/1TB,3,77833,233499,SUMMER15,198474.15,29771.122499999998,2023-04-22 00:00:00,Paid,Pending,Credit Card,PayPal,18223583373,Shan Xi Sheng Shen Yang Xian Men Tou Gou Mi Lu K Zuo  947549
3DJTXK0RL184738880868,Wang Xiao Hong,Oppo/Reno5/Purple/64GB,6,103341,620046,WINTER10,558041.4,83706.21,2023-04-22 00:00:00,Pending,Shipped,PayPal,American Express,15984540656,Hu Nan Sheng Ning Xian Zhang Shou Liu Lu S Zuo  534959
G6PZM9XDK184738881039,Zhou Xu,Galaxy/S21/Red/254GB,1,148242,148242,SPRING20,118593.6,17789.04,2023-04-22 00:00:00,Failed,Pending,Bank Transfer,WeChat Pay,18278623885,Shan Dong Sheng Cheng Xian Cheng Dong Yin Chuan Lu W Zuo  884018
7AVAE0B3E184738881190,Li Jing,Vivo/X60/White/1TB,2,124301,248602,SUMMER15,211311.69999999998,31696.754999999997,2023-04-22 00:00:00,Failed,Delivered,Credit Card,Alipay,15723687186,Hai Nan Sheng Liao Yang Shi Men Tou Gou Liang Lu L Zuo  275678
LKDOZM921184738881365,Zhang Xue Mei,Oppo/Reno5/Red/1TB,7,147742,1034194,SPRING20,827355.2000000001,124103.28,2023-04-22 00:00:00,Failed,Delivered,Debit Card,PayPal,15174084662,Shang Hai Shi Yang Shi Qing Cheng Sun Jie G Zuo  394647
WD5H2LKDU184738881538,Wan Ling,Galaxy/S21/White/64GB,4,115322,461288,NEWYEAR25,345966.0,51894.9,2023-04-22 00:00:00,Paid,Delivered,Debit Card,Visa,18209202286,Tai Wan Sheng Bei Jing Xian Liu Zhi Te Zhang Jie B Zuo  530886
6DDL8X5IX184738881722,Li Yu,Galaxy/S21/Black/64GB,5,149608,748040,SPRING20,598432.0,89764.8,2023-04-22 00:00:00,Failed,In Transit,PayPal,MasterCard,14574401034,Chong Qing Shi Ma An Shan Shi Zi Chuan Wu Zhou Lu J Zuo  736766
OFF97DUSQ184738881889,Yang Gui Zhen,OnePlus/9/Blue/1TB,10,56259,562590,SUMMER15,478201.5,71730.22499999999,2023-04-22 00:00:00,Failed,Delivered,Credit Card,PayPal,13538907089,Xiang Gang Te Bie Xing Zheng Qu Li Shi Bin Cheng Man Jie Q Zuo  882520
JIQBFQ69V184738882083,Yang Jian Hua,iPhone/13/Red/128GB,3,98537,295611,SUMMER15,251269.35,37690.4025,2023-04-22 00:00:00,Pending,In Transit,Debit Card,American Express,13323800078,He Nan Sheng Ying Shi An Ci Zhang Jie H Zuo  700558
QE7TSBR12184738882260,Zhao Li,Oppo/Reno5/Black/1TB,9,143819,1294371,FESTIVE30,906059.7,135908.955,2023-04-22 00:00:00,Paid,In Transit,Bank Transfer,Visa,18220070421,Tian Jin Shi Shen Zhen Shi Xing Shan Yin Chuan Jie K Zuo  482134
8MVOTFG6T184738882418,Wang Yu Ying,iPhone/13/White/1TB,9,83388,750492,FESTIVE30,525344.4,78801.66,2023-04-22 00:00:00,Failed,In Transit,Credit Card,Alipay,14517999605,Guang Dong Sheng Hu He Hao Te Xian Fang Shan Zhi Lu G Zuo  590313
L4XAUT91R184738882611,Zheng Shu Lan,Xiaomi/Mi 11/Purple/1TB,5,139200,696000,SPRING20,556800.0,83520.0,2023-04-22 00:00:00,Paid,Shipped,PayPal,PayPal,13409549155,Shan Dong Sheng Yang Shi Gao Ming Zhang Lu V Zuo  644257
DI6CL6JAX184738882786,Chen Yang,Oppo/Reno5/White/32GB,10,88637,886370,SUMMER15,753414.5,113012.175,2023-04-22 00:00:00,Pending,In Transit,Credit Card,WeChat Pay,15033655747,He Bei Sheng Kai Shi Yong Chuan Chao Zhou Jie L Zuo  528288
4KLRU6P52184738883006,Yang Ying,OnePlus/9/Purple/32GB,5,90118,450590,SUMMER15,383001.5,57450.225,2023-04-22 00:00:00,Failed,Pending,PayPal,American Express,15271136664,Gan Su Sheng Yi Du Shi Huang Pu Xie Lu V Zuo  821870
A0MH453N8184738883206,Jiang Hao,iPhone/13/White/1TB,10,137958,1379580,WINTER10,1241622.0,186243.3,2023-04-22 00:00:00,Failed,In Transit,Debit Card,WeChat Pay,18569004600,Shang Hai Shi Gui Fang Shi Long Tan Wang Jie E Zuo  765580
ZONMRTMK1184738883394,Guo Shu Lan,Huawei/P40/Red/254GB,1,122902,122902,WINTER10,110611.8,16591.77,2023-04-22 00:00:00,Failed,Pending,Debit Card,Alipay,13240707951,Yun Nan Sheng Ji Nan Xian Jiang Bei Xiang Gang Jie S Zuo  503135
ICJ7CVGVK184738883573,Yu Feng,iPhone/13 Pro/White/64GB,9,105053,945477,WINTER10,850929.3,127639.395,2023-04-22 00:00:00,Paid,In Transit,PayPal,American Express,15182198928,Qing Hai Sheng Feng Ying Shi Hai Gang Lv Lu P Zuo  407236
1S146K5TE184738883765,Lin Gui Zhen,OnePlus/9/Purple/64GB,6,83492,500952,WINTER10,450856.8,67628.51999999999,2023-04-22 00:00:00,Failed,Delivered,Debit Card,Alipay,14576869806,Xi Zang Zi Zhi Qu He Fei Shi Da Dong Hui Zhou Lu E Zuo  808273
VICW6A1OS184738883953,Feng Yu,Galaxy/S21/Red/64GB,10,71786,717860,AUTUMN5,681967.0,102295.05,2023-04-22 00:00:00,Pending,In Transit,Bank Transfer,American Express,13335412772,Gui Zhou Sheng Xiang Xian Xing Shan Chen Lu C Zuo  182890
9CMIVHIMR184738884129,Gu Jie,Oppo/Reno5/Black/254GB,7,127415,891905,SUMMER15,758119.25,113717.8875,2023-04-22 00:00:00,Pending,Delivered,Debit Card,MasterCard,18967524243,Nei Meng Gu Zi Zhi Qu Qi Qi Ha Er Shi You Hao Fang Jie A Zuo  513461
X7OYOWZZ8184738884341,Liao Feng Ying,iPhone/13 Pro/Purple/128GB,10,125043,1250430,FESTIVE30,875301.0,131295.15,2023-04-22 00:00:00,Pending,Pending,Bank Transfer,PayPal,15677393846,Jiang Xi Sheng Fei Xian Yong Chuan Zheng Jie W Zuo  500274
H1WFRWWVQ184738884517,Zhou Hong,Vivo/X60/Blue/254GB,1,127344,127344,SUMMER15,108242.4,16236.359999999999,2023-04-22 00:00:00,Pending,Delivered,Debit Card,MasterCard,15821504489,Ji Lin Sheng Yi Dou Xian Pu Tuo Xu Lu Z Zuo  438180
GFBSS9D55184738884692,Zhao Fei,Vivo/X60/Purple/32GB,9,135869,1222821,FESTIVE30,855974.7,128396.20499999999,2023-04-22 00:00:00,Pending,In Transit,Bank Transfer,MasterCard,15577364427,Fu Jian Sheng Jian Guo Xian Sha Wan Wang Jie O Zuo  854134
TKWB64IG0184738884868,Ge Qiang,OnePlus/9/Black/128GB,7,83701,585907,AUTUMN5,556611.65,83491.7475,2023-04-22 00:00:00,Paid,Shipped,Bank Transfer,WeChat Pay,18560629624,Shan Dong Sheng Fu Zhou Shi Sha Shi Fu Zhou Jie I Zuo  805209
5HKJ8YX4U184738885030,Zong Yun,OnePlus/9/Black/128GB,7,126959,888713,NEWYEAR25,666534.75,99980.2125,2023-04-22 00:00:00,Failed,Pending,Debit Card,Visa,13976556080,Liao Ning Sheng Ting Ting Xian Sha Wan Wu Jie B Zuo  912986
5KYE15RUY184738885206,Zhang Hui,OnePlus/9/Purple/32GB,8,123132,985056,SPRING20,788044.8,118206.72,2023-04-22 00:00:00,Pending,In Transit,Bank Transfer,Alipay,15678937508,Tian Jin Shi Xi An Shi Zi Chuan Sun Jie D Zuo  387134
U5LEMBJW5184738885379,Yu Lei,OnePlus/9/White/128GB,3,72965,218895,FESTIVE30,153226.5,22983.975,2023-04-22 00:00:00,Pending,Shipped,Debit Card,Alipay,13546768256,Hai Nan Sheng Dan Dan Xian Jiang Bei Du Lu T Zuo  106548
TWVVE5ORT184738885551,Guo Yan,Xiaomi/Mi 11/White/128GB,10,147692,1476920,WINTER10,1329228.0,199384.19999999998,2023-04-22 00:00:00,Paid,Delivered,Credit Card,WeChat Pay,18747499622,Xiang Gang Te Bie Xing Zheng Qu Chao Hu Shi Nan Zhang Hai Kou Jie U Zuo  355066
CR7B9WCLG184738885737,Cai Gui Rong,iPhone/13/Purple/32GB,7,128949,902643,SPRING20,722114.4,108317.16,2023-04-22 00:00:00,Failed,Pending,Credit Card,Alipay,15773234402,Jiang Su Sheng Ning De Xian Huai Rou Jia He Jie D Zuo  179772
3HZD9OLM4184738885907,Tian Hong,Oppo/Reno5/Blue/8GB,3,93101,279303,SPRING20,223442.40000000002,33516.36,2023-04-22 00:00:00,Pending,In Transit,Bank Transfer,Alipay,15636478768,Hei Long Jiang Sheng Xiu Rong Shi Shuang Luan Jian Lu W Zuo  192792
QJ06YSX9V184738886089,Zhang Hua,Xiaomi/Mi 11/Red/254GB,6,115882,695292,SPRING20,556233.6,83435.04,2023-04-22 00:00:00,Failed,In Transit,Credit Card,WeChat Pay,13659288772,Zhe Jiang Sheng Xiang Gang Shi He Chuan Chong Qing Jie D Zuo  671398
GRLKU21B3184738886251,Xu Shuai,Oppo/Reno5/Blue/64GB,4,86222,344888,NEWYEAR25,258666.0,38799.9,2023-04-22 00:00:00,Failed,In Transit,PayPal,Visa,13759493368,Shan Xi Sheng Gui Fang Xian Xi Shan Li Lu X Zuo  867725
G5WUN0FR2184738886430,Huang Peng,Xiaomi/Mi 11/Blue/254GB,8,96125,769000,SPRING20,615200.0,92280.0,2023-04-22 00:00:00,Paid,Delivered,Bank Transfer,PayPal,13277864205,Zhe Jiang Sheng Gui Zhen Xian Xi Shan Li Lu Z Zuo  735596
Z1WNRWSKW184738886605,Zhang Feng,iPhone/13 Pro/Blue/254GB,6,89584,537504,NEWYEAR25,403128.0,60469.2,2023-04-22 00:00:00,Failed,In Transit,PayPal,PayPal,18748924967,Ao Men Te Bie Xing Zheng Qu Tai Yuan Xian Mu Ye Fu Xin Lu N Zuo  163162
70B4Z3R7H184738886798,Du Hua,iPhone/13/Purple/1TB,1,95221,95221,WINTER10,85698.90000000001,12854.835000000001,2023-04-22 00:00:00,Pending,Shipped,Debit Card,WeChat Pay,15188508568,Qing Hai Sheng Peng Xian Xi Feng Luan Jie C Zuo  622561
ZWF8BW453184738886965,Li Gui Lan,Galaxy/S21/Purple/128GB,9,99058,891522,AUTUMN5,846945.8999999999,127041.88499999998,2023-04-22 00:00:00,Paid,Delivered,PayPal,American Express,13827464312,Guang Xi Zhuang Zu Zi Zhi Qu Qiang Shi Ping Shan Guan Lu U Zuo  175349
RG12CSBSF184738887175,Cheng Qian,iPhone/13 Pro/Black/8GB,10,117266,1172660,AUTUMN5,1114027.0,167104.05,2023-04-22 00:00:00,Pending,In Transit,Debit Card,PayPal,13354724476,Gan Su Sheng Yu Mei Shi Qing Pu Ha Er Bin Lu J Zuo  894881
MNM5Y95EK184738887353,Wu Bing,iPhone/13/Blue/254GB,10,140042,1400420,WINTER10,1260378.0,189056.69999999998,2023-04-22 00:00:00,Paid,Shipped,Credit Card,MasterCard,15150082201,Tian Jin Shi Guang Zhou Shi He Chuan Shu Lu M Zuo  996169
52TYUG0LS184738887534,Zhang Li Juan,Vivo/X60/White/64GB,4,54441,217764,SPRING20,174211.2,26131.68,2023-04-22 00:00:00,Pending,Pending,PayPal,WeChat Pay,18989785741,Ao Men Te Bie Xing Zheng Qu Hu He Hao Te Xian Da Xing Wu Han Jie P Zuo  915126
PDUZ16NRH184738887743,Su Bin,Xiaomi/Mi 11/Purple/1TB,1,129158,129158,AUTUMN5,122700.09999999999,18405.015,2023-04-22 00:00:00,Pending,In Transit,PayPal,American Express,13531429761,Tai Wan Sheng Jing Shi Wei Dou Wu Jie R Zuo  260062
GUY97BERS184738887914,Yang Ning,Vivo/X60/Black/1TB,7,59066,413462,AUTUMN5,392788.89999999997,58918.33499999999,2023-04-22 00:00:00,Failed,Delivered,Credit Card,PayPal,18793953921,Ao Men Te Bie Xing Zheng Qu Shuai Xian Xiu Ying Wang Lu J Zuo  154620
258YT4CC0184738888157,Yin Gui Rong,iPhone/13/Blue/254GB,8,111432,891456,SPRING20,713164.8,106974.72,2023-04-22 00:00:00,Failed,Pending,Bank Transfer,MasterCard,15874789757,Liao Ning Sheng Xue Mei Shi Yong Chuan Bei Zhen Lu A Zuo  262486
5YUR5Z2RF184738888331,Yang Shu Lan,iPhone/13 Pro/Purple/1TB,8,137720,1101760,SPRING20,881408.0,132211.19999999998,2023-04-22 00:00:00,Paid,Delivered,Bank Transfer,MasterCard,18767032679,Gui Zhou Sheng Xiu Hua Xian Xun Yang Yang Jie Z Zuo  246178
ZAARDA5VO184738888513,Wei Xia,Oppo/Reno5/Purple/8GB,3,88898,266694,SPRING20,213355.2,32003.28,2023-04-22 00:00:00,Paid,Pending,Bank Transfer,Visa,13037870949,Chong Qing Shi Shu Hua Xian Ping Shan Li Jie A Zuo  894205
IILFOXWU3184738888688,Li Yang,Galaxy/S21/White/128GB,8,140211,1121688,AUTUMN5,1065603.5999999999,159840.53999999998,2023-04-22 00:00:00,Pending,Pending,PayPal,American Express,15688314506,Hu Bei Sheng Liu Pan Shui Shi Hua Long Bei Jing Jie I Zuo  537380
QWU34C46U184738888865,Yao Yang,Galaxy/S21/White/8GB,6,104266,625596,FESTIVE30,437917.19999999995,65687.57999999999,2023-04-22 00:00:00,Failed,Pending,Bank Transfer,WeChat Pay,13659950129,Ao Men Te Bie Xing Zheng Qu Yong Xian Shen Bei Xin Ma Jie K Zuo  932156
NI5X4BHYN184738889068,Zhang Xiu Hua,Huawei/P40/Red/8GB,7,83365,583555,SPRING20,466844.0,70026.59999999999,2023-04-22 00:00:00,Pending,Delivered,Bank Transfer,MasterCard,15168062357,Jiang Su Sheng Liu Pan Shui Shi Gao Ming Shen Lu C Zuo  417329
F31BU6Z80184738889254,He Yu,Oppo/Reno5/Blue/128GB,1,94444,94444,SUMMER15,80277.4,12041.609999999999,2023-04-22 00:00:00,Failed,In Transit,Debit Card,MasterCard,13905801404,Bei Jing Shi Chang Xian Ji Zhou Chao Hu Lu U Zuo  733021
XXXAJORJ9184738889413,Tan Xu,Xiaomi/Mi 11/Black/32GB,4,83366,333464,NEWYEAR25,250098.0,37514.7,2023-04-22 00:00:00,Failed,Pending,PayPal,PayPal,18962305829,Tai Wan Sheng Gui Yang Xian Gao Gang Nan Chang Jie L Zuo  367818
ZBNXC6ER4184738889574,Lei Ting Ting,Galaxy/S21/Blue/8GB,10,118426,1184260,SUMMER15,1006621.0,150993.15,2023-04-22 00:00:00,Pending,Pending,PayPal,MasterCard,18062234658,Hu Bei Sheng Xue Mei Shi Gao Ping Liu Lu A Zuo  671706
CG8H85185184738889756,Wu Xiu Hua,Xiaomi/Mi 11/White/32GB,5,131585,657925,NEWYEAR25,493443.75,74016.5625,2023-04-22 00:00:00,Paid,Delivered,PayPal,WeChat Pay,15231475020,Xiang Gang Te Bie Xing Zheng Qu Hu He Hao Te Xian Cheng Dong Lv Lu Y Zuo  997018
O63F4765I184738889968,Chen Jie,Xiaomi/Mi 11/White/128GB,9,50604,455436,FESTIVE30,318805.19999999995,47820.77999999999,2023-04-22 00:00:00,Paid,Pending,Bank Transfer,PayPal,15624195524,Tai Wan Sheng Jing Men Xian Shuang Luan Ao Men Lu G Zuo  171171
TKQ35QF9J184738890130,Long Gui Hua,Galaxy/S21/White/1TB,8,127467,1019736,NEWYEAR25,764802.0,114720.3,2023-04-22 00:00:00,Failed,Shipped,Bank Transfer,Visa,15330795392,Gui Zhou Sheng Zhang Chun Shi Feng Dou Li Jie Z Zuo  278806
B0QFWX2TE184738890317,Xu Yang,iPhone/13 Pro/Blue/32GB,5,111229,556145,FESTIVE30,389301.5,58395.225,2023-04-22 00:00:00,Failed,Shipped,Credit Card,WeChat Pay,18231778362,Guang Dong Sheng Ying Shi Xiang An Ji Nan Lu N Zuo  234167
7WA2KJNA0184738890478,Chen Hui,OnePlus/9/Blue/32GB,8,72711,581688,WINTER10,523519.2,78527.88,2023-04-22 00:00:00,Paid,Shipped,Credit Card,Visa,13608380273,Si Chuan Sheng Wu Zhou Shi Shan Ting Xu Lu M Zuo  406006
9HK2ZN1FB184738890653,Jiang Gui Lan,Xiaomi/Mi 11/Blue/1TB,9,114383,1029447,SPRING20,823557.6000000001,123533.64000000001,2023-04-22 00:00:00,Paid,Pending,Debit Card,Alipay,15705262591,Yun Nan Sheng Li Li Xian Pu Tuo Lan Zhou Lu K Zuo  715674
B64VHE5RC184738890821,Cao Gui Fang,iPhone/13 Pro/Black/32GB,9,110813,997317,NEWYEAR25,747987.75,112198.16249999999,2023-04-22 00:00:00,Pending,Delivered,Credit Card,PayPal,15626980805,Guang Xi Zhuang Zu Zi Zhi Qu Xin Ji Shi Huang Pu Xu Lu O Zuo  200995
K2WB6C77F184738891023,Peng Yun,Vivo/X60/White/64GB,2,90659,181318,AUTUMN5,172252.1,25837.815,2023-04-22 00:00:00,Failed,Shipped,Debit Card,American Express,15079952762,Guang Dong Sheng Chao Zhou Shi Liang Ping Zhang Lu M Zuo  278588
Y3LH726HW184738891201,Lu Jing,OnePlus/9/Black/8GB,4,106481,425924,SUMMER15,362035.39999999997,54305.30999999999,2023-04-22 00:00:00,Pending,In Transit,Bank Transfer,Visa,18928690985,Guang Dong Sheng Jing Shi You Hao Kun Ming Lu T Zuo  411528
GHSU6C97G184738891359,Li Jie,Xiaomi/Mi 11/Black/64GB,6,124627,747762,AUTUMN5,710373.9,106556.085,2023-04-22 00:00:00,Failed,Shipped,Debit Card,MasterCard,13225965535,Bei Jing Shi Nan Ning Shi You Hao Qi Qi Ha Er Jie S Zuo  425006
T3WKJAZ0C184738891536,Qiu Xiu Hua,iPhone/13 Pro/Blue/32GB,4,95815,383260,NEWYEAR25,287445.0,43116.75,2023-04-22 00:00:00,Failed,In Transit,Debit Card,Visa,18525470592,Fu Jian Sheng Hong Xian Men Tou Gou Wu Lu Mu Qi Jie M Zuo  225972
24U2MFMKX184738891713,Liao Yu,iPhone/13 Pro/Black/1TB,5,63337,316685,SUMMER15,269182.25,40377.3375,2023-04-22 00:00:00,Failed,Pending,Credit Card,MasterCard,15069716878,Tian Jin Shi Chao Hu Xian Chong Wen Wu Lu Z Zuo  728073
SV05CB3S8184738891884,Lin Yu Zhen,iPhone/13/Red/32GB,10,111989,1119890,SPRING20,895912.0,134386.8,2023-04-22 00:00:00,Pending,Pending,PayPal,MasterCard,18534090208,Jiang Su Sheng La Sa Xian Zhao Yang Zhang Lu C Zuo  110054
I5H3EKXPG184738892059,Sun Ting Ting,iPhone/13 Pro/White/254GB,7,72563,507941,WINTER10,457146.9,68572.035,2023-04-22 00:00:00,Pending,In Transit,Bank Transfer,Visa,18543584669,Xi Zang Zi Zhi Qu Yi Dou Xian You Hao Wang Lu U Zuo  984523
KMKYHV2E4184738892249,Pu Shu Zhen,iPhone/13 Pro/Blue/254GB,1,56181,56181,FESTIVE30,39326.7,5899.004999999999,2023-04-22 00:00:00,Pending,Shipped,Debit Card,Alipay,13015470606,Shan Dong Sheng Liao Yang Xian Da Dong Yin Chuan Jie L Zuo  702438
KDGR4I4AN184738892418,Liu Rui,OnePlus/9/Purple/128GB,2,148432,296864,FESTIVE30,207804.8,31170.719999999998,2023-04-22 00:00:00,Failed,Shipped,Debit Card,American Express,15830306285,Zhe Jiang Sheng Dan Shi Gao Ping Bei Zhen Lu V Zuo  256991
AKSW3RA3Y184738892575,Shi Bo,Galaxy/S21/White/8GB,8,145449,1163592,SUMMER15,989053.2,148357.97999999998,2023-04-22 00:00:00,Failed,Shipped,PayPal,American Express,13907674841,Shan Dong Sheng Xi An Xian Xun Yang Hu He Hao Te Jie M Zuo  711928
NS33YM95D184738892747,Liu Chang,Galaxy/S21/Blue/254GB,5,58903,294515,WINTER10,265063.5,39759.525,2023-04-22 00:00:00,Paid,Pending,Bank Transfer,MasterCard,13099060854,Zhe Jiang Sheng Qian Xian Shan Ting Lan Lu N Zuo  593263
UW0ZPOJPR184738892912,Ji Xiao Hong,OnePlus/9/Blue/254GB,6,71457,428742,SUMMER15,364430.7,54664.605,2023-04-22 00:00:00,Failed,In Transit,Credit Card,MasterCard,15290593465,Shan Xi Sheng Tian Jin Shi Qing Pu Shen Yang Jie G Zuo  236248
OG42VA785184738893077,Wang Gui Ying,OnePlus/9/White/64GB,9,69162,622458,AUTUMN5,591335.1,88700.265,2023-04-22 00:00:00,Paid,Pending,Credit Card,Alipay,18196309001,Nei Meng Gu Zi Zhi Qu Kai Xian Sha Shi Wei Jie L Zuo  713026
XYF812S1V184738893266,Zhang Ping,Xiaomi/Mi 11/Blue/254GB,6,79904,479424,SUMMER15,407510.39999999997,61126.55999999999,2023-04-22 00:00:00,Paid,Shipped,Credit Card,WeChat Pay,15014742879,Xiang Gang Te Bie Xing Zheng Qu Qi Qi Ha Er Xian You Hao Fo Shan Lu G Zuo  504047
6LRMSVO7H184738893462,Wen Yun,iPhone/13 Pro/Purple/8GB,1,78159,78159,SPRING20,62527.200000000004,9379.08,2023-04-22 00:00:00,Pending,Delivered,Debit Card,PayPal,15705104770,Shan Xi Sheng Na Xian Xiu Ying Cheng Du Lu O Zuo  617929
RXU9F85T7184738893619,Zhu Xiao Hong,Xiaomi/Mi 11/Purple/128GB,10,99212,992120,WINTER10,892908.0,133936.19999999998,2023-04-22 00:00:00,Pending,Shipped,Bank Transfer,Alipay,13149780491,Yun Nan Sheng Tai Yuan Shi Xu Hui Tai Bei Lu I Zuo  751840
0JSUDHEZX184738893785,Wang Gui Xiang,Vivo/X60/Purple/254GB,1,75031,75031,AUTUMN5,71279.45,10691.9175,2023-04-22 00:00:00,Paid,In Transit,Bank Transfer,MasterCard,18211095839,Gan Su Sheng He Shan Shi Xiang An Yin Chuan Lu Q Zuo  351708
W8RCLFWGI184738893948,Ye Jian,Huawei/P40/Purple/64GB,4,91098,364392,AUTUMN5,346172.39999999997,51925.85999999999,2023-04-22 00:00:00,Paid,In Transit,Debit Card,WeChat Pay,18676004254,Hu Nan Sheng Jian Shi An Ci Li Lu W Zuo  721127
NP92ICX7G184738894115,Zhou Yan,Vivo/X60/Purple/1TB,10,109855,1098550,SUMMER15,933767.5,140065.125,2023-04-22 00:00:00,Paid,Delivered,PayPal,PayPal,13069379297,Gan Su Sheng Liu Zhou Xian Xiao Shan Song Lu Y Zuo  460783
W0LJBT3VP184738894285,Feng Gui Xiang,Galaxy/S21/Red/1TB,2,134728,269456,NEWYEAR25,202092.0,30313.8,2023-04-22 00:00:00,Paid,Pending,PayPal,MasterCard,15265017215,Si Chuan Sheng Xi Ning Xian Hua Xi Bei Jing Jie F Zuo  194606
XCNMMW0K5184738894452,Shi Ying,Huawei/P40/Red/128GB,9,88711,798399,SUMMER15,678639.15,101795.8725,2023-04-22 00:00:00,Failed,Delivered,Credit Card,Alipay,13229128790,Guang Dong Sheng Hai Yan Xian Nan Hu Hai Kou Jie E Zuo  750322
XQWPM08SY184738894614,Deng Lin,Vivo/X60/Black/8GB,5,118173,590865,WINTER10,531778.5,79766.775,2023-04-22 00:00:00,Failed,Delivered,PayPal,MasterCard,18011569474,Zhe Jiang Sheng Zhang Jia Gang Xian Fu Cheng Yang Jie H Zuo  801107
CY55QFTPZ184738894792,Wang Hai Yan,iPhone/13/Purple/128GB,5,58932,294660,AUTUMN5,279927.0,41989.049999999996,2023-04-22 00:00:00,Paid,Shipped,Debit Card,PayPal,15156336788,Xiang Gang Te Bie Xing Zheng Qu Xiao Hong Xian Yong Chuan Chao Zhou Jie X Zuo  571493
CDELZUX3Q184738894978,Liu Xue,Vivo/X60/Black/128GB,3,100632,301896,WINTER10,271706.4,40755.96,2023-04-22 00:00:00,Paid,In Transit,Bank Transfer,PayPal,15644065945,Xi Zang Zi Zhi Qu Gui Rong Shi Xi Feng Qi Qi Ha Er Jie A Zuo  902578
2LQZNIMNX184738895157,Yu Xin,Galaxy/S21/Purple/128GB,8,63312,506496,AUTUMN5,481171.19999999995,72175.68,2023-04-22 00:00:00,Pending,Shipped,Debit Card,Visa,13888430609,Xiang Gang Te Bie Xing Zheng Qu Jia Shi Gao Ming Bei Zhen Lu M Zuo  307322
GYSH0BQG1184738895337,Peng Dan,iPhone/13 Pro/Red/128GB,4,52442,209768,AUTUMN5,199279.59999999998,29891.939999999995,2023-04-22 00:00:00,Paid,Pending,Credit Card,PayPal,15641249910,Guang Xi Zhuang Zu Zi Zhi Qu Bei Zhen Shi Ping Shan Xing An Meng Jie M Zuo  268206
PQO29JMJP184738895520,Wu Hui,Galaxy/S21/White/32GB,8,86452,691616,SPRING20,553292.8,82993.92,2023-04-22 00:00:00,Failed,Shipped,Bank Transfer,Alipay,18557923577,Ji Lin Sheng Huai An Shi Xiu Ying Shen Zhen Jie O Zuo  783368
P6VB0Z4MI184738895681,Gan Jian,iPhone/13/Red/8GB,10,116307,1163070,SPRING20,930456.0,139568.4,2023-04-22 00:00:00,Pending,Shipped,PayPal,WeChat Pay,18612781820,Shan Dong Sheng Hang Zhou Shi Xi Shan He Lu V Zuo  798840
6KFDG493S184738895850,Feng Bin,OnePlus/9/Blue/128GB,5,89570,447850,NEWYEAR25,335887.5,50383.125,2023-04-22 00:00:00,Pending,Pending,Debit Card,Alipay,13414823990,Xin Jiang Wei Wu Er Zi Zhi Qu Lan Ying Shi Long Tan Zhao Jie R Zuo  909818
3WYDGYZNN184738896039,Xu Ying,iPhone/13/Purple/1TB,7,99571,696997,FESTIVE30,487897.89999999997,73184.685,2023-04-22 00:00:00,Failed,Shipped,Debit Card,Alipay,14534474935,Jiang Xi Sheng Yang Shi Xin Cheng Hu Lu L Zuo  572340
2F0WC7DBP184738896204,Liao Xin,Huawei/P40/Purple/128GB,7,82270,575890,NEWYEAR25,431917.5,64787.625,2023-04-22 00:00:00,Paid,Shipped,Credit Card,WeChat Pay,15948692458,Xin Jiang Wei Wu Er Zi Zhi Qu Feng Shi Hai Gang Nan Chang Jie M Zuo  947109
XRUTNQ9DM184738896374,Xia Ming,iPhone/13/Blue/64GB,7,123078,861546,FESTIVE30,603082.2,90462.32999999999,2023-04-22 00:00:00,Failed,Delivered,Debit Card,PayPal,15957502567,Ji Lin Sheng Xiu Lan Xian Xiao Shan Hu Lu K Zuo  400219
FR7H9I5O8184738896547,Zhao Yan,Oppo/Reno5/White/254GB,5,60170,300850,NEWYEAR25,225637.5,33845.625,2023-04-22 00:00:00,Failed,Pending,Bank Transfer,American Express,15839103251,Tian Jin Shi Ao Men Xian Shuang Luan Ma An Shan Jie O Zuo  929323
6X8HO0AZC184738896709,Wang Yang,Huawei/P40/Purple/8GB,10,60751,607510,SPRING20,486008.0,72901.2,2023-04-22 00:00:00,Pending,Delivered,PayPal,Visa,15106884759,Shang Hai Shi Jian Guo Shi Xin Cheng He Shan Jie D Zuo  233985
UHUGGR0O6184738896868,Xing Ling,iPhone/13 Pro/Black/32GB,8,146528,1172224,NEWYEAR25,879168.0,131875.19999999998,2023-04-22 00:00:00,Paid,Shipped,Credit Card,PayPal,15283731153,Hu Bei Sheng Shu Hua Shi Fu Cheng Lu An Lu O Zuo  311983
CKKWKTHRV184738897030,Li Lei,Oppo/Reno5/Black/32GB,1,61663,61663,FESTIVE30,43164.1,6474.615,2023-04-22 00:00:00,Pending,Delivered,Credit Card,American Express,13361454335,Guang Xi Zhuang Zu Zi Zhi Qu Hai Kou Shi Xi Shan Chang Sha Lu S Zuo  838821
CLRD2TUJN184738897210,Ma Qin,iPhone/13 Pro/White/32GB,10,121492,1214920,NEWYEAR25,911190.0,136678.5,2023-04-22 00:00:00,Paid,In Transit,Bank Transfer,American Express,13353623325,Xi Zang Zi Zhi Qu Yang Xian Hua Long Ha Er Bin Jie F Zuo  760795
7X7WPG3ML184738897375,Wu Min,iPhone/13/Black/8GB,10,128449,1284490,AUTUMN5,1220265.5,183039.82499999998,2023-04-22 00:00:00,Paid,In Transit,Credit Card,MasterCard,13589469341,Xiang Gang Te Bie Xing Zheng Qu Yong Xian Sha Shi Deng Jie M Zuo  719544
RO4XIVKMI184738897561,Fang Bin,Galaxy/S21/Blue/254GB,1,130682,130682,WINTER10,117613.8,17642.07,2023-04-22 00:00:00,Failed,Shipped,PayPal,PayPal,15687163507,He Nan Sheng Jian Xian Bi Shan Tong Liao Jie D Zuo  757292
7PCXCDD04184738897719,Lin Bin,OnePlus/9/Blue/128GB,5,89633,448165,WINTER10,403348.5,60502.274999999994,2023-04-22 00:00:00,Pending,Pending,Bank Transfer,Visa,15286553822,Nei Meng Gu Zi Zhi Qu Wu Han Shi Xin Cheng Guan Ling Lu B Zuo  689140
3C4J8NAWV184738897896,Yang Ping,Huawei/P40/White/1TB,4,145589,582356,SUMMER15,495002.6,74250.39,2023-04-22 00:00:00,Failed,In Transit,Bank Transfer,WeChat Pay,18728423882,Tai Wan Sheng Da Ye Xian Yong Chuan Chen Jie R Zuo  238240
G5BQO50MS184738898071,Zou Qian,Vivo/X60/Purple/64GB,4,91272,365088,SUMMER15,310324.8,46548.719999999994,2023-04-22 00:00:00,Pending,Delivered,Credit Card,Alipay,13343976471,An Hui Sheng Xiang Gang Xian Hua Xi Zhang Jie O Zuo  662433
W4YGA5GLS184738898242,Chen Long,iPhone/13/White/64GB,5,57959,289795,FESTIVE30,202856.5,30428.475,2023-04-22 00:00:00,Paid,In Transit,PayPal,Visa,15220357160,Chong Qing Shi Xing Cheng Shi Ji Zhou Liu Zhou Lu H Zuo  325276
0OM10FJ4T184738898402,Lin Lin,Galaxy/S21/Purple/128GB,5,108521,542605,FESTIVE30,379823.5,56973.525,2023-04-22 00:00:00,Paid,Shipped,Bank Transfer,Visa,15899599762,Nei Meng Gu Zi Zhi Qu Liang Xian Hai Ling Sun Jie T Zuo  223750
1HQKIH311184738898580,Zhao Jie,Xiaomi/Mi 11/Red/128GB,6,117514,705084,SPRING20,564067.2000000001,84610.08,2023-04-22 00:00:00,Paid,Pending,Debit Card,Alipay,18000286275,Ao Men Te Bie Xing Zheng Qu Xin Ji Shi Xi Feng Zhu Jie E Zuo  603317
HCYWYSIWR184738898768,Zhao Dong,OnePlus/9/Red/8GB,6,106923,641538,SPRING20,513230.4,76984.56,2023-04-22 00:00:00,Failed,Delivered,PayPal,PayPal,15950118776,Yun Nan Sheng Nan Ning Xian Men Tou Gou Xi An Lu B Zuo  590587
K32G0UX2F184738898931,Tu Jie,Xiaomi/Mi 11/Black/128GB,2,57216,114432,NEWYEAR25,85824.0,12873.6,2023-04-22 00:00:00,Pending,Shipped,Debit Card,Visa,13941768708,Xin Jiang Wei Wu Er Zi Zhi Qu Lu An Xian Huang Pu Li Lu C Zuo  151620
Y4Y5NVNFT184738899123,Lin Qin,iPhone/13 Pro/Red/64GB,7,141705,991935,SPRING20,793548.0,119032.2,2023-04-22 00:00:00,Pending,Delivered,Bank Transfer,Visa,15679776343,Xiang Gang Te Bie Xing Zheng Qu Jie Xian Huang Pu Chen Lu V Zuo  345978
UBXWAPVN2184738899308,Kuang Jun,OnePlus/9/Red/1TB,6,53585,321510,AUTUMN5,305434.5,45815.174999999996,2023-04-22 00:00:00,Failed,Pending,Bank Transfer,American Express,15576888966,Yun Nan Sheng Xue Mei Xian Xin Cheng Zhang Jie U Zuo  557778
ER9FO7FLX184738899482,Ma Rui,iPhone/13 Pro/Blue/8GB,3,51423,154269,SUMMER15,131128.65,19669.297499999997,2023-04-22 00:00:00,Pending,Pending,Credit Card,Alipay,18291207175,Guang Dong Sheng Liao Yang Shi He Chuan Zhang Jie E Zuo  931239
TKNXAF8BF184738899654,Li Xin,Xiaomi/Mi 11/Blue/32GB,2,101872,203744,SPRING20,162995.2,24449.280000000002,2023-04-22 00:00:00,Pending,Pending,PayPal,MasterCard,13592535920,Hu Nan Sheng Nan Chang Shi Pu Tuo Zhang Jie S Zuo  428470
WMXQ8UKVW184738899824,Li Lu,iPhone/13/Blue/8GB,1,70107,70107,NEWYEAR25,52580.25,7887.037499999999,2023-04-22 00:00:00,Pending,Shipped,Debit Card,American Express,15973489748,An Hui Sheng Yang Shi Xun Yang Yang Jie V Zuo  321292
YW2Y0FVRR184738899987,Zhao Ning,iPhone/13/Black/32GB,7,99310,695170,FESTIVE30,486618.99999999994,72992.84999999999,2023-04-22 00:00:00,Pending,Delivered,Debit Card,WeChat Pay,13914150642,Guang Xi Zhuang Zu Zi Zhi Qu La Sa Shi Wei Dou Yao Lu X Zuo  292456
JBFXEV8BW184738900177,Wu Ying,Oppo/Reno5/Black/32GB,5,55123,275615,SPRING20,220492.0,33073.799999999996,2023-04-22 00:00:00,Failed,Delivered,Credit Card,PayPal,18935878104,Ning Xia Hui Zu Zi Zhi Qu Jia Shi Chong Wen Gui Yang Lu M Zuo  874504
9SNG3FG0I184738900413,Zhang Ling,Oppo/Reno5/Blue/1TB,4,66470,265880,SUMMER15,225998.0,33899.7,2023-04-22 00:00:00,Pending,In Transit,Credit Card,Visa,18220502360,Xin Jiang Wei Wu Er Zi Zhi Qu Lin Xian Qing Pu Lv Lu M Zuo  927488
9PSHDL024184738900616,Hu Xiu Ying,Galaxy/S21/White/32GB,9,85381,768429,SUMMER15,653164.65,97974.6975,2023-04-22 00:00:00,Failed,Delivered,Credit Card,American Express,15271222133,Bei Jing Shi Liu Zhou Xian Xiao Nan Xing An Meng Lu A Zuo  992984
9CU006YTM184738900795,Feng Jian,Huawei/P40/Purple/1TB,5,111025,555125,NEWYEAR25,416343.75,62451.5625,2023-04-22 00:00:00,Failed,In Transit,Credit Card,MasterCard,18111201096,Chong Qing Shi Wu Lu Mu Qi Shi Xing Shan La Sa Jie C Zuo  860353
AR238QB6Y184738900972,He Gui Zhi,Oppo/Reno5/Black/64GB,7,122362,856534,SPRING20,685227.2000000001,102784.08,2023-04-22 00:00:00,Pending,Pending,Debit Card,WeChat Pay,13315351198,Hu Nan Sheng Hai Kou Xian Xi Shan Ma Lu C Zuo  508776
RIZ64UJ3D184738901159,Xin Hong Xia,Galaxy/S21/Purple/8GB,10,114202,1142020,AUTUMN5,1084919.0,162737.85,2023-04-22 00:00:00,Paid,Pending,Bank Transfer,WeChat Pay,15047455214,Guang Xi Zhuang Zu Zi Zhi Qu Huai An Xian Xiang An Zhao Jie X Zuo  249318
MIN5452TY184738901366,Yan Lin,iPhone/13/White/8GB,2,63069,126138,SPRING20,100910.40000000001,15136.560000000001,2023-04-22 00:00:00,Failed,Shipped,PayPal,PayPal,18859947020,Shang Hai Shi Jian Shi Gao Gang Kun Ming Jie P Zuo  635339
9SAFMM92Y184738901529,Wei Ping,Oppo/Reno5/White/1TB,3,89088,267264,FESTIVE30,187084.8,28062.719999999998,2023-04-22 00:00:00,Failed,Shipped,PayPal,WeChat Pay,18271148867,Gui Zhou Sheng Ning Shi Qing Pu Zhou Jie M Zuo  198065
P52JZ7APX184738901697,Su Gui Hua,Vivo/X60/Red/128GB,7,90609,634263,FESTIVE30,443984.1,66597.61499999999,2023-04-22 00:00:00,Paid,Delivered,Debit Card,Visa,14579484010,Shan Xi Sheng Jia Xian Yong Chuan Jing Men Lu E Zuo  354279
7LOM6PVDV184738901865,Jiang Feng,iPhone/13/White/128GB,7,144904,1014328,FESTIVE30,710029.6,106504.43999999999,2023-04-22 00:00:00,Failed,Shipped,Credit Card,Visa,15646775745,Hu Bei Sheng Hua Shi Chong Wen Qiu Lu B Zuo  521517
CP9P3KPTB184738902036,Guo Xia,Xiaomi/Mi 11/Blue/128GB,10,71984,719840,SUMMER15,611864.0,91779.59999999999,2023-04-22 00:00:00,Pending,Delivered,Credit Card,Visa,15351400040,Bei Jing Shi Tai Yuan Xian Sha Wan Lu An Jie J Zuo  916361
NZK4RFE9L184738902205,Wang Gui Fang,iPhone/13/White/1TB,7,109415,765905,AUTUMN5,727609.75,109141.4625,2023-04-22 00:00:00,Pending,Pending,PayPal,MasterCard,14563325527,Hai Nan Sheng Dan Xian Bi Shan Bei Jing Jie K Zuo  580427
G9P4X3JXW184738902368,Chen Bin,Huawei/P40/Purple/8GB,4,120531,482124,SPRING20,385699.2,57854.88,2023-04-22 00:00:00,Failed,In Transit,PayPal,Visa,13891369022,Shan Dong Sheng Yang Shi Xiu Ying Tai Yuan Jie L Zuo  719893
RHF62ZSQW184738902525,Lu Ying,Vivo/X60/Red/128GB,8,85721,685768,SPRING20,548614.4,82292.16,2023-04-22 00:00:00,Paid,In Transit,PayPal,Visa,13611896871,Guang Xi Zhuang Zu Zi Zhi Qu Dong Guan Shi Xiao Shan Yong An Lu J Zuo  897928
Q8C6T8BFA184738902723,Xu Feng Ying,Oppo/Reno5/Blue/128GB,3,146295,438885,WINTER10,394996.5,59249.475,2023-04-22 00:00:00,Paid,In Transit,Debit Card,PayPal,18978702993,Chong Qing Shi Yu Hua Shi Bai Yun Sun Jie Z Zuo  845729
Q0PAQO5C1184738902908,Yang Liu,Xiaomi/Mi 11/Blue/1TB,4,139999,559996,SPRING20,447996.80000000005,67199.52,2023-04-22 00:00:00,Paid,Shipped,Credit Card,Alipay,18833956079,Tian Jin Shi Chao Xian Xiu Ying Zhou Lu Y Zuo  104418
SKHP7UK2B184738903076,Cheng Qian,OnePlus/9/White/254GB,8,147024,1176192,AUTUMN5,1117382.4,167607.36,2023-04-22 00:00:00,Pending,In Transit,Debit Card,American Express,15728457588,Zhe Jiang Sheng Shang Hai Shi Wei Dou Sheng Jie W Zuo  855045
ED69LW95Q184738903248,Shi Cheng,Xiaomi/Mi 11/White/254GB,2,97985,195970,FESTIVE30,137179.0,20576.85,2023-04-22 00:00:00,Pending,Shipped,Bank Transfer,Visa,15260140917,Xi Zang Zi Zhi Qu Bei Zhen Shi Qing Cheng Ning De Lu I Zuo  641799
OIRLCUV8A184738903431,Yin Gui Zhi,Galaxy/S21/Black/1TB,8,128013,1024104,SPRING20,819283.2000000001,122892.48000000001,2023-04-22 00:00:00,Paid,In Transit,PayPal,WeChat Pay,14731776169,Xi Zang Zi Zhi Qu Da Ye Xian Bi Shan Chang Chun Jie S Zuo  362466
8RLB9LETP184738903608,Huang Jing,Xiaomi/Mi 11/Black/32GB,1,63682,63682,SUMMER15,54129.7,8119.454999999999,2023-04-22 00:00:00,Paid,In Transit,PayPal,Visa,14531003928,Hai Nan Sheng La Sa Shi Zi Chuan Shi Lu F Zuo  531845
RE76FFUDB184738903780,Liu Feng Ying,iPhone/13 Pro/Purple/128GB,3,130531,391593,SPRING20,313274.4,46991.16,2023-04-22 00:00:00,Paid,Pending,Bank Transfer,Alipay,14522628325,Nei Meng Gu Zi Zhi Qu Shan Wei Xian Hua Long Lan Zhou Jie V Zuo  804280
699I0JOMG184738903972,Wang Chun Mei,OnePlus/9/Blue/254GB,3,131969,395907,WINTER10,356316.3,53447.445,2023-04-22 00:00:00,Paid,In Transit,Debit Card,MasterCard,15062268442,Yun Nan Sheng Hong Mei Shi Xiu Ying He Lu L Zuo  491828
WNVS8NRLA184738904154,Yang Qin,Oppo/Reno5/Red/64GB,1,130386,130386,WINTER10,117347.40000000001,17602.11,2023-04-22 00:00:00,Pending,In Transit,Bank Transfer,American Express,18666747371,He Bei Sheng Chang Sha Shi You Hao Bei Zhen Jie U Zuo  404742
9QLTBY1GU184738904316,Tian Lei,Vivo/X60/Black/64GB,9,131928,1187352,SPRING20,949881.6000000001,142482.24000000002,2023-04-22 00:00:00,Failed,In Transit,PayPal,American Express,15845145321,Hu Bei Sheng Shu Ying Xian Jin Ping Shen Yang Jie T Zuo  875269
JJR52INVB184738904482,Jiao Xu,Huawei/P40/Red/64GB,2,147382,294764,NEWYEAR25,221073.0,33160.95,2023-04-22 00:00:00,Paid,Delivered,Bank Transfer,WeChat Pay,13378717992,Jiang Xi Sheng Jing Men Xian Hai Ling Nan Chang Lu J Zuo  686819
D3E4LK4TW184738904643,Xu Ying,Oppo/Reno5/White/8GB,1,67709,67709,SUMMER15,57552.65,8632.8975,2023-04-22 00:00:00,Pending,Shipped,PayPal,Visa,18109023987,Zhe Jiang Sheng Shu Ying Shi Wei Dou Liang Lu B Zuo  669960
NFZD3N67M184738904823,Pang Xiu Fang,Vivo/X60/Blue/32GB,5,141117,705585,NEWYEAR25,529188.75,79378.3125,2023-04-22 00:00:00,Failed,Delivered,Credit Card,Alipay,13251964436,Hu Bei Sheng Hui Xian Wei Dou Liu Zhou Lu O Zuo  272600
V77OMW9K7184738904985,Han Kun,Galaxy/S21/Blue/128GB,5,64714,323570,WINTER10,291213.0,43681.95,2023-04-22 00:00:00,Pending,Pending,PayPal,PayPal,18989483159,Ao Men Te Bie Xing Zheng Qu Guang Zhou Xian Gao Ming Shan Wei Jie S Zuo  517175
HUME32VCY184738905170,Liang Hong Mei,Galaxy/S21/Black/128GB,3,94505,283515,SPRING20,226812.0,34021.799999999996,2023-04-22 00:00:00,Paid,Delivered,Bank Transfer,Visa,15881236957,Qing Hai Sheng Rui Xian Zhang Shou Fu Xin Lu D Zuo  321605
35KDPF5XL184738905334,Ping Juan,Vivo/X60/Blue/64GB,4,106052,424208,SPRING20,339366.4,50904.96,2023-04-22 00:00:00,Pending,Delivered,Bank Transfer,MasterCard,14705743116,Hai Nan Sheng Juan Shi Nan Hu Bei Zhen Lu T Zuo  394067
2K2OR4GX2184738905493,Bao Shu Hua,Oppo/Reno5/Blue/254GB,9,57772,519948,SUMMER15,441955.8,66293.37,2023-04-22 00:00:00,Failed,Pending,PayPal,Visa,18264108377,Shan Xi Sheng Dong Guan Shi Xun Yang Nan Ning Lu I Zuo  633655
69K5GF5T8184738905660,Xu Hong Mei,Xiaomi/Mi 11/Black/32GB,3,69394,208182,SPRING20,166545.6,24981.84,2023-04-22 00:00:00,Failed,Delivered,Bank Transfer,WeChat Pay,15297542986,Nei Meng Gu Zi Zhi Qu Hui Xian Nan Zhang Liao Jie O Zuo  881374
3M93TH1BE184738905843,Liu Yu Zhen,Galaxy/S21/White/64GB,10,114118,1141180,WINTER10,1027062.0,154059.3,2023-04-22 00:00:00,Paid,Shipped,Bank Transfer,American Express,15615877556,An Hui Sheng Liu Pan Shui Shi Cheng Dong Cai Jie H Zuo  619292
WFQ5FOL8D184738906027,Ran Xiu Fang,iPhone/13/Purple/32GB,1,109838,109838,AUTUMN5,104346.09999999999,15651.914999999997,2023-04-22 00:00:00,Failed,Delivered,Debit Card,Visa,15286009658,He Nan Sheng Lei Shi Xun Yang Liu Jie V Zuo  404809
273ADHIYY184738906199,Liu Xiu Mei,Galaxy/S21/Black/8GB,9,126714,1140426,NEWYEAR25,855319.5,128297.92499999999,2023-04-22 00:00:00,Paid,In Transit,Credit Card,Visa,15939242646,Xiang Gang Te Bie Xing Zheng Qu Wu Lu Mu Qi Xian Gao Gang Fo Shan Lu W Zuo  471649
A90ZUREQE184738906396,Feng Gui Zhi,Huawei/P40/Purple/254GB,1,149444,149444,WINTER10,134499.6,20174.94,2023-04-22 00:00:00,Pending,Delivered,Credit Card,PayPal,18666962896,Xiang Gang Te Bie Xing Zheng Qu Liu Zhou Shi Feng Dou Chong Qing Lu N Zuo  778239
6HWXGMGSI184738906587,Liu Qiang,Xiaomi/Mi 11/White/8GB,1,123605,123605,WINTER10,111244.5,16686.675,2023-04-22 00:00:00,Pending,Shipped,Bank Transfer,Visa,13505524343,Shan Dong Sheng Xi An Xian Wei Dou Shang Hai Lu Q Zuo  192819
PAB9Q81HN184738906752,Feng Gui Lan,Huawei/P40/Purple/64GB,1,88487,88487,FESTIVE30,61940.899999999994,9291.134999999998,2023-04-22 00:00:00,Paid,In Transit,Bank Transfer,MasterCard,14537128361,Nei Meng Gu Zi Zhi Qu Fan Xian Gao Ping Yin Chuan Lu T Zuo  723981
ETJJ3E1C2184738906926,Liu Hao,Oppo/Reno5/Blue/1TB,6,118437,710622,SUMMER15,604028.7,90604.305,2023-04-22 00:00:00,Failed,Pending,Bank Transfer,MasterCard,18294336776,Hu Nan Sheng Jing Men Shi Bai Yun Guan Ling Lu G Zuo  774483
GKEKQJR23184738907086,Feng Xiu Hua,Vivo/X60/White/128GB,10,53770,537700,FESTIVE30,376390.0,56458.5,2023-04-22 00:00:00,Failed,In Transit,PayPal,MasterCard,15322957776,Hu Nan Sheng Yan Xian You Hao Nie Jie I Zuo  586885
B6ZXMNFGW184738907255,Lu Yu,Huawei/P40/White/32GB,4,125383,501532,WINTER10,451378.8,67706.81999999999,2023-04-22 00:00:00,Pending,Shipped,PayPal,PayPal,14566665824,Fu Jian Sheng Li Li Xian Bai Yun Liu Jie B Zuo  834091
9R5E0Q352184738907426,Yu Gui Zhi,OnePlus/9/Purple/254GB,7,50319,352233,SUMMER15,299398.05,44909.7075,2023-04-22 00:00:00,Failed,Delivered,Credit Card,PayPal,13551847672,Tian Jin Shi Feng Xian Hai Gang Wu Jie P Zuo  430175
D1CI7YD9M184738907597,Wu Lei,Galaxy/S21/Purple/254GB,5,56030,280150,AUTUMN5,266142.5,39921.375,2023-04-22 00:00:00,Failed,Delivered,Debit Card,PayPal,13568036685,Hu Nan Sheng Xiu Zhen Shi Sha Wan Nan Chang Lu J Zuo  944655
BMW2MBG1K184738907758,Tan Qian,Oppo/Reno5/Red/128GB,8,120433,963464,WINTER10,867117.6,130067.63999999998,2023-04-22 00:00:00,Pending,Delivered,Debit Card,WeChat Pay,15722586012,Bei Jing Shi Yun Xian Xiao Nan Tong Liao Lu P Zuo  872111
4Z1IIVTL5184738907911,Ceng Hai Yan,Huawei/P40/White/128GB,1,82119,82119,FESTIVE30,57483.299999999996,8622.494999999999,2023-04-22 00:00:00,Failed,In Transit,PayPal,Alipay,18519944614,Xiang Gang Te Bie Xing Zheng Qu Chong Qing Xian Yong Chuan Wu Lu O Zuo  489530
SAIHV8IIU184738908111,Zhao Xin,Vivo/X60/White/1TB,9,73377,660393,NEWYEAR25,495294.75,74294.2125,2023-04-22 00:00:00,Pending,In Transit,Bank Transfer,Alipay,14719824955,Hu Nan Sheng Gui Lan Xian Xu Hui Jing Men Jie H Zuo  669158
BM9Q0GG4Q184738908270,Cheng Dan Dan,iPhone/13/White/1TB,10,144832,1448320,SUMMER15,1231072.0,184660.8,2023-04-22 00:00:00,Paid,Delivered,Bank Transfer,Visa,13396923734,Chong Qing Shi La Sa Shi Ji Qu Dong Guan Jie T Zuo  350499
1LYESF293184738908432,Mo Yu,iPhone/13/Red/254GB,8,145138,1161104,FESTIVE30,812772.7999999999,121915.91999999998,2023-04-22 00:00:00,Paid,Delivered,Debit Card,MasterCard,13689967995,Hai Nan Sheng Jian Ping Xian Hua Long Bei Jing Lu D Zuo  843136
DHD0JFYQ9184738908589,Hou Xiu Hua,OnePlus/9/Purple/128GB,3,83028,249084,AUTUMN5,236629.8,35494.469999999994,2023-04-22 00:00:00,Pending,Shipped,Debit Card,Alipay,13840130581,Ji Lin Sheng Shen Zhen Xian Yong Chuan Long Jie N Zuo  207041
6R54YP0ZJ184738908764,Yang Yu,Galaxy/S21/Black/32GB,8,83484,667872,SPRING20,534297.6,80144.64,2023-04-22 00:00:00,Paid,Pending,Bank Transfer,WeChat Pay,18880377948,Si Chuan Sheng Dan Xian Liu Zhi Te Chang Chun Jie U Zuo  121572
K0H3IC7ZV184738908921,Feng Jie,Galaxy/S21/Purple/64GB,6,113592,681552,SPRING20,545241.6,81786.23999999999,2023-04-22 00:00:00,Paid,Pending,Credit Card,Alipay,15036336154,Hu Nan Sheng Liu Shi Qing He Zheng Jie A Zuo  991927
5H1BDZSLS184738909090,Duan Jun,Xiaomi/Mi 11/Purple/254GB,6,99191,595146,SUMMER15,505874.1,75881.11499999999,2023-04-22 00:00:00,Failed,Pending,Bank Transfer,American Express,18816528253,Xiang Gang Te Bie Xing Zheng Qu Hao Shi Mu Ye Yan Jie F Zuo  401570
KDDP4PR49184738909280,Chen Lan Ying,OnePlus/9/Red/254GB,7,121996,853972,FESTIVE30,597780.3999999999,89667.05999999998,2023-04-22 00:00:00,Failed,Delivered,PayPal,American Express,14772613501,Shan Xi Sheng Gui Yang Shi Zhang Shou Xia Lu Z Zuo  713865
6AELO4IFL184738909458,Wang Hong,iPhone/13 Pro/Red/1TB,7,124798,873586,SPRING20,698868.8,104830.32,2023-04-22 00:00:00,Pending,In Transit,PayPal,Alipay,18682408427,Xi Zang Zi Zhi Qu Liu Zhou Xian Feng Dou Da Ye Jie E Zuo  672618
YBJ12027A184738909624,Jin Jie,Oppo/Reno5/Red/8GB,9,123119,1108071,FESTIVE30,775649.7,116347.45499999999,2023-04-22 00:00:00,Paid,In Transit,Debit Card,Alipay,13328150823,Hu Bei Sheng Xiang Xian Jing An Yan Jie R Zuo  951780
4NOX9SXFK184738909790,Han Hai Yan,Huawei/P40/Purple/8GB,6,105257,631542,SUMMER15,536810.7,80521.605,2023-04-22 00:00:00,Paid,Pending,Debit Card,Alipay,15770159973,Jiang Xi Sheng He Shan Xian Shan Ting Liu Zhou Lu A Zuo  740623
UMEDKAF2K184738909953,Xu Bing,Galaxy/S21/Blue/64GB,7,94631,662417,NEWYEAR25,496812.75,74521.91249999999,2023-04-22 00:00:00,Pending,Shipped,Credit Card,Visa,13100982492,Guang Dong Sheng Chong Qing Xian Huai Rou Tong Liao Lu Y Zuo  183773
JO84PKM2P184738910111,Guo Chang,Oppo/Reno5/Red/254GB,10,94965,949650,FESTIVE30,664755.0,99713.25,2023-04-22 00:00:00,Paid,In Transit,Debit Card,PayPal,15252075510,Xin Jiang Wei Wu Er Zi Zhi Qu Fu Xin Shi Shan Ting Wu Lu K Zuo  776624
TWMP5JTK5184738910306,He Jing,Oppo/Reno5/White/1TB,2,96067,192134,AUTUMN5,182527.3,27379.094999999998,2023-04-22 00:00:00,Pending,Pending,Bank Transfer,Visa,13557896535,Hai Nan Sheng Ping Shi Shen He Liu Zhou Jie R Zuo  319479
OH208FW68184738910471,Zhang Li,Vivo/X60/Purple/32GB,1,83120,83120,FESTIVE30,58183.99999999999,8727.599999999999,2023-04-22 00:00:00,Pending,In Transit,Debit Card,Visa,13296523619,Xin Jiang Wei Wu Er Zi Zhi Qu Dong Shi Da Dong Xiao Jie K Zuo  582065
44GDKW6YN184738910660,Ma Peng,Xiaomi/Mi 11/Blue/32GB,7,73422,513954,FESTIVE30,359767.8,53965.17,2023-04-22 00:00:00,Paid,Pending,Bank Transfer,American Express,15714883024,Liao Ning Sheng Chao Xian Gao Ping Ye Jie H Zuo  877241
08H9YO0QK184738910830,Wu Kun,iPhone/13 Pro/Purple/64GB,3,65915,197745,SUMMER15,168083.25,25212.4875,2023-04-22 00:00:00,Pending,Delivered,Debit Card,MasterCard,18188237382,Shan Xi Sheng Liu Pan Shui Xian Fang Shan Gui Yang Lu E Zuo  254736
OFIK492AB184738910993,Bao Gui Zhi,Xiaomi/Mi 11/Red/8GB,6,130239,781434,NEWYEAR25,586075.5,87911.325,2023-04-22 00:00:00,Pending,Pending,Debit Card,PayPal,14753530533,Si Chuan Sheng Fu Xin Shi Shang Jie Hang Zhou Jie J Zuo  688421
1LBM3ZDOQ184738911157,Si Jian Jun,OnePlus/9/Black/8GB,7,81196,568372,SUMMER15,483116.2,72467.43,2023-04-22 00:00:00,Failed,Pending,Credit Card,American Express,18107955235,Jiang Su Sheng Chang Chun Shi Qing Cheng Shi Jia Zhuang Jie X Zuo  485050
2NJ56KBER184738911327,Wei Dong,iPhone/13 Pro/White/254GB,7,110290,772030,AUTUMN5,733428.5,110014.275,2023-04-22 00:00:00,Pending,Shipped,Bank Transfer,Visa,15134431309,Qing Hai Sheng Huan Xian Jin Ping Zhang Lu K Zuo  444305
ENY2V1G2U184738911490,Zhuo Peng,Galaxy/S21/Black/128GB,6,69595,417570,WINTER10,375813.0,56371.95,2023-04-22 00:00:00,Failed,Pending,PayPal,Alipay,18970713834,Yun Nan Sheng Yong An Xian Bi Shan Zhang Jie E Zuo  544938
WMXBHK4JC184738911660,Yang Ping,iPhone/13/White/128GB,5,108326,541630,NEWYEAR25,406222.5,60933.375,2023-04-22 00:00:00,Pending,Pending,Debit Card,Visa,13158631828,An Hui Sheng La Sa Shi Cheng Dong Shen Yang Lu H Zuo  221991
VB7QOS8XA184738911817,Gu Jin Feng,Oppo/Reno5/Red/64GB,2,137363,274726,SUMMER15,233517.1,35027.565,2023-04-22 00:00:00,Pending,In Transit,Credit Card,WeChat Pay,15204095387,Xi Zang Zi Zhi Qu Chao Hu Xian Long Tan Liu Pan Shui Jie R Zuo  590180
RT9ML9BDW184738911999,Xue Gui Fang,Huawei/P40/Black/128GB,7,132401,926807,FESTIVE30,648764.8999999999,97314.73499999999,2023-04-22 00:00:00,Paid,Pending,Bank Transfer,Visa,18969166887,Tai Wan Sheng Bo Shi Fang Shan Hui Zhou Lu M Zuo  938487
QXOUTQFIH184738912160,Cheng Xiu Lan,Vivo/X60/Purple/128GB,2,98778,197556,SUMMER15,167922.6,25188.39,2023-04-22 00:00:00,Paid,Shipped,Debit Card,Visa,18165812255,Tai Wan Sheng Ha Er Bin Xian Liu Zhi Te Zhang Jie B Zuo  690965
IEHP7ZDH7184738912350,Zhu Fei,Oppo/Reno5/White/254GB,10,130265,1302650,SPRING20,1042120.0,156318.0,2023-04-22 00:00:00,Failed,Delivered,PayPal,Alipay,18928616547,Ji Lin Sheng Xiang Gang Xian Feng Dou Cheng Du Jie G Zuo  822398
L93FDM1V7184738912511,Zhuang Lei,Galaxy/S21/Blue/8GB,3,115339,346017,SPRING20,276813.60000000003,41522.04,2023-04-22 00:00:00,Paid,Pending,PayPal,MasterCard,15148817944,Fu Jian Sheng Dong Shi Long Tan Gu Lu P Zuo  628416
RHX388U8B184738912675,Tan Chun Mei,Oppo/Reno5/White/128GB,6,70765,424590,AUTUMN5,403360.5,60504.075,2023-04-22 00:00:00,Pending,In Transit,Bank Transfer,Visa,18922796144,Guang Dong Sheng Wu Zhou Xian Gao Gang Wei Jie Q Zuo  126329
D6HO3A9D7184738912857,Lin Kun,OnePlus/9/Purple/128GB,10,145766,1457660,SUMMER15,1239011.0,185851.65,2023-04-22 00:00:00,Pending,Shipped,Bank Transfer,Alipay,18531060143,Guang Dong Sheng Yan Xian Cheng Bei Tan Lu C Zuo  228471
5WN6QCA7V184738913021,Zhang Gui Lan,Vivo/X60/Blue/32GB,3,112250,336750,FESTIVE30,235724.99999999997,35358.74999999999,2023-04-22 00:00:00,Failed,Delivered,Debit Card,Alipay,13895182571,He Bei Sheng Qin Xian Huang Pu Weng Lu F Zuo  445863
D9SOON2GX184738913190,He Yang,iPhone/13 Pro/Black/32GB,5,66666,333330,AUTUMN5,316663.5,47499.525,2023-04-22 00:00:00,Pending,In Transit,Credit Card,PayPal,13863022554,Zhe Jiang Sheng Jian Ping Xian Xiao Nan Liu Lu R Zuo  480112
QR4M6X811184738913356,Xi Ning,iPhone/13 Pro/Black/128GB,1,145845,145845,WINTER10,131260.5,19689.075,2023-04-22 00:00:00,Paid,Delivered,Bank Transfer,Alipay,15558366843,Zhe Jiang Sheng Gui Zhi Xian Xu Hui Hui Zhou Jie G Zuo  386101
XRBJ8MGD8184738913511,Sun Lin,Vivo/X60/Purple/32GB,1,60031,60031,SUMMER15,51026.35,7653.952499999999,2023-04-22 00:00:00,Failed,Pending,PayPal,WeChat Pay,14764404382,Si Chuan Sheng Xiu Ying Xian Ji Qu Ji Nan Lu T Zuo  584813
EG0T5SC7Y184738913668,Wang Fang,Xiaomi/Mi 11/White/1TB,7,82938,580566,SUMMER15,493481.1,74022.165,2023-04-22 00:00:00,Pending,Pending,PayPal,Visa,13416366273,Guang Xi Zhuang Zu Zi Zhi Qu Yin Chuan Xian Huai Rou Wang Jie X Zuo  819315
HE591RZSJ184738913857,Wang Shu Zhen,Vivo/X60/Blue/1TB,10,74754,747540,SPRING20,598032.0,89704.8,2023-04-22 00:00:00,Paid,Shipped,Credit Card,WeChat Pay,13570525616,Hu Nan Sheng Long Xian Xi Feng Xing Cheng Jie Y Zuo  278390
EJXY7A85V184738914016,Wang Lu,iPhone/13/Purple/254GB,10,145954,1459540,SUMMER15,1240609.0,186091.35,2023-04-22 00:00:00,Paid,Shipped,Bank Transfer,PayPal,15058418341,Hei Long Jiang Sheng Fang Xian Shuang Luan Ao Men Jie Z Zuo  768219
0W1A9QZ0W184738914175,Guan Ying,Galaxy/S21/Red/32GB,7,137367,961569,SPRING20,769255.2000000001,115388.28000000001,2023-04-22 00:00:00,Failed,In Transit,Debit Card,Alipay,15358571549,Shan Dong Sheng Xing An Meng Xian Zhao Yang Shi Jia Zhuang Jie W Zuo  258266
6WM9FCFFQ184738914344,Zhou Yu Lan,OnePlus/9/Red/128GB,7,81395,569765,SUMMER15,484300.25,72645.03749999999,2023-04-22 00:00:00,Pending,Delivered,Bank Transfer,WeChat Pay,13404998811,Yun Nan Sheng Wei Xian Sha Wan Hui Zhou Lu H Zuo  806038
PD28LG32U184738914506,Yan Hui,Galaxy/S21/White/32GB,6,121657,729942,AUTUMN5,693444.9,104016.735,2023-04-22 00:00:00,Pending,Shipped,Credit Card,American Express,13772333084,Liao Ning Sheng Yang Shi Chong Wen Li Lu I Zuo  692435
6UCZX1I4G184738914671,Bai Gui Fang,iPhone/13 Pro/Black/128GB,6,100247,601482,SPRING20,481185.60000000003,72177.84,2023-04-22 00:00:00,Paid,Pending,Bank Transfer,Visa,15581189430,Tai Wan Sheng Bin Shi Xi Feng Meng Jie C Zuo  948456
I8ZFG2F5Q184738914841,Yuan Lin,Galaxy/S21/Red/8GB,1,92159,92159,WINTER10,82943.1,12441.465,2023-04-22 00:00:00,Pending,In Transit,Debit Card,Alipay,15856520858,Xin Jiang Wei Wu Er Zi Zhi Qu Nan Shi Shan Ting Liu Zhou Jie J Zuo  949701
45HN05A89184738915013,Zhan Xue,iPhone/13 Pro/Black/8GB,9,78029,702261,SPRING20,561808.8,84271.32,2023-04-22 00:00:00,Paid,Shipped,PayPal,WeChat Pay,15062678864,Ning Xia Hui Zu Zi Zhi Qu Jie Xian Jiang Bei Yin Chuan Jie C Zuo  895522
19ZN7J3J0184738915188,Zhang Hui,Galaxy/S21/Black/8GB,10,125738,1257380,SUMMER15,1068773.0,160315.94999999998,2023-04-22 00:00:00,Failed,Delivered,Debit Card,MasterCard,13835450341,Xi Zang Zi Zhi Qu Ling Shi Gao Gang Qi Qi Ha Er Jie A Zuo  773542
V6GTC824A184738915366,Lv Jun,Galaxy/S21/White/64GB,7,68954,482678,SUMMER15,410276.3,61541.44499999999,2023-04-22 00:00:00,Paid,Delivered,PayPal,Visa,13823725512,Bei Jing Shi Bo Xian Dong Li Wu Jie L Zuo  422859
K6YYYYBSX184738915531,Li Xiu Rong,Oppo/Reno5/Purple/8GB,10,93405,934050,SUMMER15,793942.5,119091.375,2023-04-22 00:00:00,Failed,In Transit,PayPal,Alipay,18575791710,Zhe Jiang Sheng Ping Xian Da Xing Wu Lu Y Zuo  548431
HJQPLZKIE184738915705,Huang Gui Xiang,Xiaomi/Mi 11/Blue/128GB,8,80340,642720,AUTUMN5,610584.0,91587.59999999999,2023-04-22 00:00:00,Paid,Pending,PayPal,WeChat Pay,18795350118,Gan Su Sheng Bei Zhen Xian Sha Shi Hu Jie K Zuo  780381
88TXX4NAK184738915879,Zhou Li Li,Oppo/Reno5/White/128GB,4,98171,392684,AUTUMN5,373049.8,55957.469999999994,2023-04-22 00:00:00,Pending,Shipped,PayPal,Alipay,15114924496,Shan Xi Sheng Nan Jing Shi Xi Feng Fu Xin Lu N Zuo  610948
9PD7C6DAQ184738916038,Zhang Lei,OnePlus/9/Blue/128GB,1,58960,58960,AUTUMN5,56012.0,8401.8,2023-04-22 00:00:00,Pending,Delivered,Debit Card,MasterCard,15114582215,Zhe Jiang Sheng Gui Ying Xian Shen Bei Xin Zhao Jie Z Zuo  732513
JYTPBRB17184738916211,Yang Hua,Vivo/X60/Black/64GB,8,124095,992760,SPRING20,794208.0,119131.2,2023-04-22 00:00:00,Pending,Delivered,PayPal,American Express,18171128875,Bei Jing Shi Shen Yang Shi Jing An Xing Cheng Lu G Zuo  632191
UGKHEWCDR184738916366,Zhang Xiang,Oppo/Reno5/Purple/128GB,9,57587,518283,NEWYEAR25,388712.25,58306.8375,2023-04-22 00:00:00,Failed,Pending,Debit Card,PayPal,13223112279,An Hui Sheng Hai Yan Xian Gao Ping Xiao Jie E Zuo  177398
KIK9MJ5FJ184738916535,Chen Li Juan,Huawei/P40/Black/64GB,7,66878,468146,WINTER10,421331.4,63199.71,2023-04-22 00:00:00,Failed,Delivered,PayPal,MasterCard,15001573542,Fu Jian Sheng Yu Mei Shi Gao Ming Liu Pan Shui Jie T Zuo  449673
OFDWPMC89184738916709,Qiu Hui,Oppo/Reno5/Blue/254GB,10,99413,994130,SUMMER15,845010.5,126751.575,2023-04-22 00:00:00,Pending,Delivered,PayPal,WeChat Pay,13204044331,Ji Lin Sheng Hang Zhou Shi Cheng Bei Ma An Shan Jie I Zuo  868274
5FJMV6V45184738916888,Yang Jie,Vivo/X60/Red/128GB,6,103884,623304,FESTIVE30,436312.8,65446.92,2023-04-22 00:00:00,Failed,Delivered,Credit Card,PayPal,13630725099,Bei Jing Shi Li Hua Xian Feng Dou Ha Er Bin Lu N Zuo  457401
6XA0W88YE184738917052,Jie Lin,iPhone/13 Pro/Red/8GB,4,81042,324168,AUTUMN5,307959.6,46193.939999999995,2023-04-22 00:00:00,Paid,Delivered,Debit Card,American Express,18212597372,Fu Jian Sheng Xiu Rong Xian Hua Xi Gan Jie M Zuo  560218
NPW8OQGLR184738917221,Yin Dan,iPhone/13 Pro/Purple/1TB,1,55283,55283,WINTER10,49754.700000000004,7463.205,2023-04-22 00:00:00,Paid,Delivered,Debit Card,MasterCard,13724318419,Fu Jian Sheng Yu Shi Shang Jie Xie Lu L Zuo  307086
BA00MH8U8184738917383,Fang Xiu Fang,OnePlus/9/Black/8GB,9,80952,728568,WINTER10,655711.2000000001,98356.68000000001,2023-04-22 00:00:00,Pending,In Transit,Credit Card,Alipay,15100893442,Qing Hai Sheng Hai Men Shi Gao Ping Long Jie P Zuo  716321
OTWZD1UML184738917554,Shi Jie,Oppo/Reno5/Blue/32GB,6,137942,827652,WINTER10,744886.8,111733.02,2023-04-22 00:00:00,Failed,Shipped,PayPal,American Express,13590653616,He Bei Sheng Feng Ying Xian Bin Cheng Wu Han Jie R Zuo  557022
ULJ44UFFB184738917709,Zhang Yu,Huawei/P40/Black/254GB,3,86577,259731,NEWYEAR25,194798.25,29219.7375,2023-04-22 00:00:00,Pending,Shipped,PayPal,American Express,14765808891,Liao Ning Sheng Qian Jiang Shi Hai Gang Zhou Lu X Zuo  848270
DQ97ZCTHJ184738917879,Xiang Yan,iPhone/13 Pro/White/254GB,8,113857,910856,FESTIVE30,637599.2,95639.87999999999,2023-04-22 00:00:00,Pending,In Transit,PayPal,PayPal,18279982437,Ning Xia Hui Zu Zi Zhi Qu Huai An Xian Feng Dou Hui Zhou Jie Y Zuo  785959
STB122VG4184738918055,Wu Ying,Oppo/Reno5/Black/1TB,6,100045,600270,SUMMER15,510229.5,76534.425,2023-04-22 00:00:00,Pending,In Transit,Credit Card,MasterCard,18078030502,Ning Xia Hui Zu Zi Zhi Qu Shi Jia Zhuang Xian Shen Bei Xin Shen Yang Jie L Zuo  940943
8SFUBA96X184738918243,Ceng Xiu Mei,Vivo/X60/Blue/254GB,3,107975,323925,NEWYEAR25,242943.75,36441.5625,2023-04-22 00:00:00,Pending,Shipped,Debit Card,PayPal,13729010538,Fu Jian Sheng Shen Yang Xian Huai Rou Nan Jing Lu V Zuo  320531
D9JFPK3KT184738918404,Wei Gui Ying,Huawei/P40/Red/8GB,7,86081,602567,SUMMER15,512181.95,76827.2925,2023-04-22 00:00:00,Pending,Delivered,PayPal,American Express,18760742170,Tian Jin Shi Ha Er Bin Xian Hai Ling Nan Jing Jie C Zuo  276313
DAWAF67OI184738918571,Pan Xin,Oppo/Reno5/Black/254GB,3,95154,285462,SPRING20,228369.6,34255.44,2023-04-22 00:00:00,Pending,Delivered,PayPal,American Express,18077045023,Gui Zhou Sheng Tai Yuan Shi Shang Jie Luo Jie B Zuo  773200
1YTVJCOJY184738918742,Zhang Yun,OnePlus/9/White/8GB,10,84986,849860,WINTER10,764874.0,114731.09999999999,2023-04-22 00:00:00,Paid,In Transit,Credit Card,Alipay,15797747076,Ning Xia Hui Zu Zi Zhi Qu Yong An Xian Jing An Meng Lu A Zuo  581167
9AGU6VSEW184738918929,Sun Dan Dan,Vivo/X60/Black/1TB,5,131479,657395,AUTUMN5,624525.25,93678.78749999999,2023-04-22 00:00:00,Pending,Shipped,PayPal,PayPal,15508458153,Yun Nan Sheng Fu Zhou Xian Shang Jie Xing Cheng Jie L Zuo  249491
MDHV32V3W184738919097,Xu Feng,Vivo/X60/Black/254GB,1,102167,102167,SUMMER15,86841.95,13026.2925,2023-04-22 00:00:00,Paid,Shipped,Credit Card,Alipay,15763384010,Jiang Xi Sheng Xi An Shi He Ping Shang Hai Jie S Zuo  279624
HP9Q8ZHMR184738919258,Yuan Cheng,Oppo/Reno5/White/8GB,2,134377,268754,WINTER10,241878.6,36281.79,2023-04-22 00:00:00,Pending,Pending,PayPal,Visa,15027303761,Tai Wan Sheng Rui Xian Xiang An Wu Jie N Zuo  237684
U0ATNHTTD184738919422,Luo Peng,Huawei/P40/Red/1TB,6,67865,407190,WINTER10,366471.0,54970.65,2023-04-22 00:00:00,Failed,In Transit,Bank Transfer,MasterCard,13559608039,Gui Zhou Sheng Ping Xian Qing Pu Li Jie R Zuo  542841
23ZASEPQD184738919587,Xu Ning,OnePlus/9/Black/128GB,7,71480,500360,AUTUMN5,475342.0,71301.3,2023-04-22 00:00:00,Failed,Pending,Bank Transfer,American Express,13157249724,Si Chuan Sheng Yong An Xian Liu Zhi Te Tai Bei Jie Q Zuo  950397
M8GIEJV9V184738919750,Su Chun Mei,iPhone/13 Pro/Blue/128GB,8,135844,1086752,SPRING20,869401.6000000001,130410.24,2023-04-22 00:00:00,Failed,In Transit,Bank Transfer,Visa,18606552552,Hei Long Jiang Sheng Kun Ming Shi Bai Yun Xing Cheng Lu O Zuo  801868
4KMXBPW70184738919918,Zhang Jian Hua,Xiaomi/Mi 11/White/128GB,6,91859,551154,SPRING20,440923.2,66138.48,2023-04-22 00:00:00,Failed,Pending,Debit Card,MasterCard,18011196204,Ao Men Te Bie Xing Zheng Qu Fo Shan Shi Hua Xi Liu Jie K Zuo  688678
9PZGWGM55184738920111,Zhao Xiang,Oppo/Reno5/White/32GB,1,126082,126082,NEWYEAR25,94561.5,14184.225,2023-04-22 00:00:00,Failed,Delivered,PayPal,Visa,18835628938,Fu Jian Sheng Cheng Xian Ji Qu Guan Ling Lu O Zuo  426619
YOU9R42KI184738920263,Nie Na,Huawei/P40/White/32GB,6,70524,423144,AUTUMN5,401986.8,60298.02,2023-04-22 00:00:00,Failed,Delivered,Bank Transfer,American Express,18288989783,Qing Hai Sheng Nan Xian Xiu Ying Cai Jie Z Zuo  582387
C1H7OJP62184738920425,Zheng Xiao Hong,iPhone/13 Pro/Purple/128GB,2,101004,202008,SPRING20,161606.40000000002,24240.960000000003,2023-04-22 00:00:00,Paid,Pending,PayPal,American Express,18564210852,Guang Xi Zhuang Zu Zi Zhi Qu Ping Shi Bai Yun Xiao Jie R Zuo  798466
70OWWN6LO184738920613,Zhang Tao,Galaxy/S21/Black/64GB,5,51661,258305,SUMMER15,219559.25,32933.8875,2023-04-22 00:00:00,Paid,In Transit,Bank Transfer,American Express,18689700156,Guang Dong Sheng He Fei Xian Gao Ping Huang Jie S Zuo  978832
A8TSMQ6UO184738920788,Si Hai Yan,iPhone/13/White/64GB,9,107971,971739,SPRING20,777391.2000000001,116608.68000000001,2023-04-22 00:00:00,Failed,Shipped,Debit Card,PayPal,18156377470,Shan Xi Sheng Chen Shi Yong Chuan Bei Zhen Lu X Zuo  743339
4S67R62NZ184738920948,Zhang Dong Mei,Vivo/X60/Black/254GB,1,140280,140280,WINTER10,126252.0,18937.8,2023-04-22 00:00:00,Pending,Shipped,Debit Card,American Express,13791088862,Ao Men Te Bie Xing Zheng Qu Hai Kou Xian Xiao Shan Hou Jie W Zuo  719495
RSBF48W11184738921141,Wang Yang,Huawei/P40/White/1TB,9,134073,1206657,SPRING20,965325.6000000001,144798.84,2023-04-22 00:00:00,Failed,In Transit,PayPal,PayPal,13040792179,Shang Hai Shi Hong Xia Xian Cheng Dong Hai Men Lu F Zuo  890445
80A4JDYL8184738921300,Wang Xiu Ying,Xiaomi/Mi 11/Red/128GB,2,140584,281168,NEWYEAR25,210876.0,31631.399999999998,2023-04-22 00:00:00,Paid,Delivered,Debit Card,WeChat Pay,13678461537,Shang Hai Shi Tai Yuan Shi You Hao Li Jie V Zuo  747570
4SO9PZ4JY184738921473,Si Jian Ping,OnePlus/9/Black/128GB,9,121257,1091313,SUMMER15,927616.0499999999,139142.40749999997,2023-04-22 00:00:00,Pending,In Transit,Bank Transfer,PayPal,18132519299,Shang Hai Shi Gang Shi Cheng Dong Hu He Hao Te Jie J Zuo  954482
2QOFHL9EU184738921644,Jia Peng,Vivo/X60/Red/254GB,8,59825,478600,FESTIVE30,335020.0,50253.0,2023-04-22 00:00:00,Failed,Shipped,Debit Card,WeChat Pay,18966719453,Gan Su Sheng Jia Xian Jin Ping Bai Jie J Zuo  972168
J5THPKDEY184738921808,Guo Liang,Oppo/Reno5/Blue/254GB,10,77419,774190,FESTIVE30,541933.0,81289.95,2023-04-22 00:00:00,Paid,Delivered,Credit Card,American Express,15797416477,Xin Jiang Wei Wu Er Zi Zhi Qu Qiang Xian Da Dong Ao Men Lu Q Zuo  956423
66KS2TMGF184738921981,Teng Jie,OnePlus/9/Red/254GB,1,111807,111807,NEWYEAR25,83855.25,12578.2875,2023-04-22 00:00:00,Paid,Shipped,Debit Card,PayPal,13189486726,Qing Hai Sheng Li Xian Xiao Nan Tai Yuan Lu M Zuo  809574
9Z2TUIWDL184738922133,Tian Ying,OnePlus/9/White/128GB,6,94830,568980,WINTER10,512082.0,76812.3,2023-04-22 00:00:00,Failed,Pending,Credit Card,Alipay,13023102326,Guang Dong Sheng Shen Yang Shi Xing Shan Wang Jie R Zuo  977077
J8A2MN4DV184738922302,He Bing,Vivo/X60/Red/64GB,1,90407,90407,NEWYEAR25,67805.25,10170.7875,2023-04-22 00:00:00,Failed,Shipped,Credit Card,PayPal,18930210808,Tian Jin Shi Rui Shi Zhao Yang Jin Lu I Zuo  355779
M47XP5AV3184738922466,Gao Hong Xia,Huawei/P40/Blue/254GB,1,69057,69057,AUTUMN5,65604.15,9840.6225,2023-04-22 00:00:00,Paid,Shipped,Credit Card,American Express,15999698485,Ji Lin Sheng Nan Jing Shi Cheng Dong Chen Jie P Zuo  916307
7Q3ULAU4M184738922640,Liang Tao,iPhone/13 Pro/White/1TB,3,71957,215871,SPRING20,172696.80000000002,25904.52,2023-04-22 00:00:00,Pending,Pending,PayPal,WeChat Pay,13497854266,Chong Qing Shi Li Hua Shi Shen Bei Xin Liu Lu C Zuo  934768
EOQKAHFTK184738922814,Shen Xin,Galaxy/S21/Blue/64GB,3,77254,231762,SPRING20,185409.6,27811.44,2023-04-22 00:00:00,Failed,Shipped,PayPal,WeChat Pay,14748518263,Hu Nan Sheng Yu Zhen Xian Xiu Ying Fo Shan Jie A Zuo  228674
EJSEMDKEA184738922973,Ma Jian,Vivo/X60/Black/32GB,4,101562,406248,SPRING20,324998.4,48749.76,2023-04-22 00:00:00,Pending,Delivered,PayPal,WeChat Pay,15925430416,Gan Su Sheng Shang Hai Shi Hua Long Xu Lu K Zuo  148273
MIW657I1L184738923141,Hu Gang,OnePlus/9/White/64GB,6,59996,359976,AUTUMN5,341977.2,51296.58,2023-04-22 00:00:00,Paid,Delivered,Bank Transfer,WeChat Pay,15848072100,Tai Wan Sheng Chang Sha Shi Liu Zhi Te Shang Hai Lu M Zuo  692771
NJ1005CG1184738923305,Li Dong Mei,Xiaomi/Mi 11/Purple/8GB,5,51770,258850,SPRING20,207080.0,31062.0,2023-04-22 00:00:00,Failed,Pending,PayPal,PayPal,18811512214,Liao Ning Sheng Fu Zhou Xian Nan Zhang Wang Lu Q Zuo  550789
9F63ETVXT184738923478,Hu Jie,iPhone/13 Pro/Black/254GB,4,146984,587936,NEWYEAR25,440952.0,66142.8,2023-04-22 00:00:00,Pending,In Transit,PayPal,Alipay,13915457254,Qing Hai Sheng Hong Xia Shi Yong Chuan Wu Zhou Jie U Zuo  584615
M69YR8TY4184738923634,Mu Hua,Xiaomi/Mi 11/Red/254GB,8,64593,516744,NEWYEAR25,387558.0,58133.7,2023-04-22 00:00:00,Paid,Pending,Credit Card,Alipay,13773023332,Liao Ning Sheng Kun Xian Hua Long Wu Lu W Zuo  994102
R901NEQH3184738923800,Ceng Bo,Huawei/P40/Red/8GB,6,115185,691110,SUMMER15,587443.5,88116.525,2023-04-22 00:00:00,Failed,Delivered,Bank Transfer,American Express,18567798393,Shan Xi Sheng Jian Shi Huai Rou Hang Zhou Lu X Zuo  915638
58FFZF9FE184738923950,Cheng Nan,Vivo/X60/Purple/32GB,6,63438,380628,SUMMER15,323533.8,48530.07,2023-04-22 00:00:00,Pending,In Transit,Bank Transfer,MasterCard,13826864712,Chong Qing Shi Peng Shi Liang Ping Sun Lu J Zuo  825534
QJ2EX1I8E184738924112,Yu Lu,iPhone/13/White/128GB,2,83056,166112,WINTER10,149500.80000000002,22425.120000000003,2023-04-22 00:00:00,Pending,Delivered,Credit Card,PayPal,15967216831,Zhe Jiang Sheng He Fei Shi Hai Ling Wang Lu F Zuo  645005
2FFGP7E7N184738924279,Zhou Li,Oppo/Reno5/Black/254GB,4,136418,545672,SPRING20,436537.60000000003,65480.64,2023-04-22 00:00:00,Failed,Delivered,Debit Card,Visa,18839403511,He Nan Sheng Zhang Chun Xian Xi Shan Gu Jie R Zuo  924597
T7537S73L184738924451,Xia Lin,Vivo/X60/Blue/32GB,3,56228,168684,NEWYEAR25,126513.0,18976.95,2023-04-22 00:00:00,Paid,In Transit,Debit Card,American Express,13320647737,Jiang Su Sheng Liao Yang Xian He Chuan Yang Jie O Zuo  776245
K0X8EEZF5184738924623,Hao Fan,Vivo/X60/Purple/32GB,6,131013,786078,WINTER10,707470.2000000001,106120.53000000001,2023-04-22 00:00:00,Pending,In Transit,PayPal,MasterCard,13276283551,Xiang Gang Te Bie Xing Zheng Qu Ping Xian Bi Shan Li Lu N Zuo  126100
TVK7H3PYN184738924813,Chen Qiang,Huawei/P40/Blue/32GB,4,85464,341856,SPRING20,273484.8,41022.719999999994,2023-04-22 00:00:00,Failed,Delivered,Debit Card,MasterCard,18970961274,Ji Lin Sheng Ao Men Shi Mu Ye Zhang Jie U Zuo  352811
O59TIX9G5184738924984,Guo Xiu Yun,OnePlus/9/Red/32GB,1,100033,100033,SPRING20,80026.40000000001,12003.960000000001,2023-04-22 00:00:00,Paid,In Transit,Debit Card,Alipay,18990481945,He Nan Sheng He Fei Xian Shang Jie Wang Jie R Zuo  759859
E7FC22H4F184738925161,Li Jian Ping,OnePlus/9/Red/8GB,3,122933,368799,SPRING20,295039.2,44255.88,2023-04-22 00:00:00,Failed,Shipped,PayPal,PayPal,13940208454,An Hui Sheng Xiang Gang Shi Sha Wan Sun Lu C Zuo  854334
4BNL1YZA4184738925343,Yan Liang,Oppo/Reno5/Purple/128GB,1,114075,114075,NEWYEAR25,85556.25,12833.4375,2023-04-22 00:00:00,Failed,In Transit,Debit Card,PayPal,13437955651,Chong Qing Shi Lin Xian Men Tou Gou Hang Zhou Jie C Zuo  653737
HUQHU2XKP184738925504,You Rong,Oppo/Reno5/Red/1TB,6,58763,352578,AUTUMN5,334949.1,50242.365,2023-04-22 00:00:00,Paid,Delivered,Debit Card,WeChat Pay,15910753648,He Bei Sheng Xiu Zhen Xian Jing An Tang Jie B Zuo  898215
AMRTEI2ZD184738925676,Ran Lan Ying,iPhone/13 Pro/Red/1TB,10,125320,1253200,FESTIVE30,877240.0,131586.0,2023-04-22 00:00:00,Pending,In Transit,Bank Transfer,WeChat Pay,18797711617,Guang Xi Zhuang Zu Zi Zhi Qu Ji Nan Xian Hua Long Xing Cheng Jie J Zuo  156310
Z2J862JUQ184738925880,Zhang Gui Zhi,Xiaomi/Mi 11/Red/64GB,8,102951,823608,SUMMER15,700066.7999999999,105010.01999999999,2023-04-22 00:00:00,Pending,Shipped,PayPal,MasterCard,15069229774,Xiang Gang Te Bie Xing Zheng Qu Shan Wei Xian Jiang Bei Shen Yang Lu L Zuo  303833
X1WGUVLV7184738926067,Lin Juan,Oppo/Reno5/Blue/254GB,4,76785,307140,AUTUMN5,291783.0,43767.45,2023-04-22 00:00:00,Failed,Shipped,PayPal,MasterCard,13892460841,Zhe Jiang Sheng Lu An Xian Xu Hui Wang Lu A Zuo  979289
D4J4Z1EUF184738926238,Ma Feng Lan,iPhone/13 Pro/White/64GB,1,136030,136030,SUMMER15,115625.5,17343.825,2023-04-22 00:00:00,Paid,Delivered,Credit Card,Visa,15792825087,Si Chuan Sheng Liu Shi Gao Ping Dong Guan Jie F Zuo  216756
5RVLIT1JP184738926407,Mao Xiu Hua,Vivo/X60/Purple/32GB,8,94055,752440,AUTUMN5,714818.0,107222.7,2023-04-22 00:00:00,Pending,Shipped,Debit Card,Visa,13379165189,Shan Xi Sheng Zhang Sha Shi Nan Xi Cao Jie P Zuo  416391
NX8DEA76A184738926589,Zhang Xiu Fang,Huawei/P40/Red/8GB,4,56157,224628,SPRING20,179702.40000000002,26955.360000000004,2023-04-22 00:00:00,Paid,Pending,Bank Transfer,PayPal,13749700539,He Nan Sheng Xi Ning Xian Pu Tuo Rui Lu W Zuo  125930
FHLYS0EVA184738926767,Teng Hao,iPhone/13 Pro/Red/64GB,7,82329,576303,SPRING20,461042.4,69156.36,2023-04-22 00:00:00,Paid,In Transit,Bank Transfer,Visa,13458755497,Tai Wan Sheng Rui Xian Qing Pu Dong Guan Lu A Zuo  749519
QSKK9P35L184738926918,Lu Zhi Qiang,Vivo/X60/White/64GB,10,77002,770020,SUMMER15,654517.0,98177.55,2023-04-22 00:00:00,Paid,In Transit,Credit Card,Visa,15701208129,Fu Jian Sheng Lei Shi Liu Zhi Te Yang Lu G Zuo  630424
T9RJHP0XY184738927101,Pan Jian,OnePlus/9/White/64GB,7,95681,669767,AUTUMN5,636278.65,95441.7975,2023-04-22 00:00:00,Pending,Pending,Debit Card,WeChat Pay,18594683525,Tai Wan Sheng Ying Xian Jiang Bei Guan Ling Jie Z Zuo  179896
5DGNYYT7P184738927269,Lu Jian Hua,Huawei/P40/Red/1TB,8,56662,453296,AUTUMN5,430631.19999999995,64594.67999999999,2023-04-22 00:00:00,Paid,Shipped,PayPal,Alipay,13063239557,Hei Long Jiang Sheng Zhang Jia Gang Xian Xiao Nan Liang Lu R Zuo  460964
F4F1KN1ZR184738927455,Huang Shuai,iPhone/13/Red/254GB,5,114649,573245,FESTIVE30,401271.5,60190.725,2023-04-22 00:00:00,Failed,Pending,Debit Card,MasterCard,18612627058,Shan Xi Sheng Zheng Zhou Xian Gao Ping Bei Zhen Jie L Zuo  345795
G4CYKA65V184738927611,Guo Ting Ting,Xiaomi/Mi 11/Blue/32GB,8,88850,710800,FESTIVE30,497559.99999999994,74633.99999999999,2023-04-22 00:00:00,Pending,In Transit,Debit Card,MasterCard,13938216177,Gui Zhou Sheng Liu Zhou Shi Xiang An Ma An Shan Jie V Zuo  663245
S0PKT7AY8184738927778,Li Qin,OnePlus/9/Purple/32GB,6,73035,438210,SPRING20,350568.0,52585.2,2023-04-22 00:00:00,Failed,Delivered,Debit Card,MasterCard,14727054773,Zhe Jiang Sheng Shu Zhen Xian Xi Xia Zheng Zhou Lu N Zuo  497179
57W54MYG0184738927938,Lin Feng Ying,Vivo/X60/Purple/32GB,10,101072,1010720,FESTIVE30,707504.0,106125.59999999999,2023-04-22 00:00:00,Paid,Delivered,Debit Card,MasterCard,14710872475,Ji Lin Sheng Ming Shi You Hao Qu Jie S Zuo  811565
Y1EV3W0RT184738928107,Li Ling,Xiaomi/Mi 11/Red/8GB,8,123073,984584,NEWYEAR25,738438.0,110765.7,2023-04-22 00:00:00,Pending,Shipped,PayPal,Alipay,14534498663,Nei Meng Gu Zi Zhi Qu Tai Yuan Xian Ping Shan Ha Er Bin Jie A Zuo  907010
5Y271EWSX184738928302,Wei Xiu Ying,iPhone/13/Blue/8GB,4,71925,287700,NEWYEAR25,215775.0,32366.25,2023-04-22 00:00:00,Paid,Pending,Bank Transfer,WeChat Pay,13169195376,He Nan Sheng Gui Rong Shi Shuang Luan Lan Zhou Lu E Zuo  369236
98MXHE0KX184738928474,Yang Nan,iPhone/13 Pro/Red/1TB,4,53101,212404,SPRING20,169923.2,25488.48,2023-04-22 00:00:00,Failed,Delivered,Bank Transfer,MasterCard,15586097093,Yun Nan Sheng Da Ye Xian Xun Yang Bao Jie Z Zuo  482535
6HKF2UO25184738928644,Hao Yang,Oppo/Reno5/White/8GB,2,94611,189222,SPRING20,151377.6,22706.64,2023-04-22 00:00:00,Paid,In Transit,Debit Card,American Express,15727455441,Shan Xi Sheng Nan Ning Shi Sha Shi Wang Jie R Zuo  947711
5RBH0DB6M184738928817,Chai Hui,OnePlus/9/Black/254GB,3,114527,343581,SUMMER15,292043.85,43806.57749999999,2023-04-22 00:00:00,Failed,Delivered,PayPal,WeChat Pay,15124257909,Ning Xia Hui Zu Zi Zhi Qu Jing Men Xian Zhang Shou Dong Guan Lu N Zuo  945554
H594R5QCZ184738928993,Zhang Jing,Huawei/P40/Red/64GB,8,102780,822240,SPRING20,657792.0,98668.8,2023-04-22 00:00:00,Pending,Shipped,Bank Transfer,Alipay,18714564381,Ning Xia Hui Zu Zi Zhi Qu Chang Chun Xian Long Tan Tong Liao Lu T Zuo  871895
7VRIOWSRY184738929178,Liu Li Li,Oppo/Reno5/Red/1TB,3,78637,235911,FESTIVE30,165137.69999999998,24770.654999999995,2023-04-22 00:00:00,Failed,Delivered,Debit Card,WeChat Pay,13285192050,Shang Hai Shi Jian Jun Shi Gao Gang Zhao Jie B Zuo  177529
7XRB7XGUM184738929354,Zhang Bo,Xiaomi/Mi 11/Red/1TB,9,106583,959247,SPRING20,767397.6000000001,115109.64000000001,2023-04-22 00:00:00,Paid,Pending,Bank Transfer,PayPal,13043543889,Si Chuan Sheng Cheng Shi Xu Hui Gui Yang Lu P Zuo  708292
CSALSZAAF184738929514,Chen Dan Dan,iPhone/13/Red/64GB,10,68780,687800,WINTER10,619020.0,92853.0,2023-04-22 00:00:00,Pending,Delivered,Bank Transfer,MasterCard,14718151102,An Hui Sheng Gui Zhen Shi Hai Gang Li Jie B Zuo  581148
ZEFAIQSC9184738929689,Dai Gui Lan,iPhone/13 Pro/Purple/254GB,1,75251,75251,WINTER10,67725.90000000001,10158.885,2023-04-22 00:00:00,Pending,Shipped,PayPal,American Express,18028679439,Guang Xi Zhuang Zu Zi Zhi Qu Hai Kou Shi Zi Chuan Lan Zhou Lu V Zuo  942417
U8V9XFMPC184738929873,Zhao Chang,Galaxy/S21/Purple/254GB,2,84480,168960,AUTUMN5,160512.0,24076.8,2023-04-22 00:00:00,Pending,Shipped,Debit Card,WeChat Pay,15312756371,Qing Hai Sheng Shu Lan Xian Men Tou Gou Han Jie W Zuo  350507
F5ZRQMJU8184738930047,Zhao Ying,iPhone/13 Pro/Red/64GB,9,63822,574398,FESTIVE30,402078.6,60311.78999999999,2023-04-22 00:00:00,Failed,In Transit,Debit Card,WeChat Pay,13314961858,Hai Nan Sheng Wu Zhou Shi Bi Shan Lei Jie A Zuo  893986
JHIU512U2184738930214,Chen Jian,Vivo/X60/Red/8GB,4,103126,412504,NEWYEAR25,309378.0,46406.7,2023-04-22 00:00:00,Paid,Delivered,PayPal,Visa,14553209507,Xi Zang Zi Zhi Qu Jing Men Shi Jin Ping Lu An Jie K Zuo  675984
PBEWXYCEV184738930382,Li Xiao Hong,Huawei/P40/Black/8GB,5,146985,734925,SUMMER15,624686.25,93702.9375,2023-04-22 00:00:00,Paid,Shipped,Debit Card,MasterCard,15533218699,Xi Zang Zi Zhi Qu Li Shi Xi Feng Chang Chun Jie B Zuo  855862
X2FWODSP0184738930549,Wang Hui,Vivo/X60/Red/1TB,4,115720,462880,FESTIVE30,324016.0,48602.4,2023-04-22 00:00:00,Paid,Shipped,Credit Card,WeChat Pay,15679093841,Hai Nan Sheng Gang Xian Xi Shan Shi Jia Zhuang Lu J Zuo  272434
WFNGO63WH184738930707,Luo Cheng,iPhone/13 Pro/White/8GB,6,110700,664200,SPRING20,531360.0,79704.0,2023-04-22 00:00:00,Pending,Pending,PayPal,WeChat Pay,15239280814,Zhe Jiang Sheng Ying Shi Yong Chuan Jiang Jie F Zuo  342061
RV7Y6OQUL184738930874,Han Xiu Rong,Galaxy/S21/Black/64GB,2,70707,141414,WINTER10,127272.6,19090.89,2023-04-22 00:00:00,Failed,Shipped,PayPal,Alipay,15087567277,Hu Bei Sheng Yan Xian Ji Qu Si Jie E Zuo  646347
2R2LGMZCZ184738931043,Ji Yan,Galaxy/S21/White/32GB,2,73088,146176,SUMMER15,124249.59999999999,18637.44,2023-04-22 00:00:00,Paid,Shipped,Credit Card,MasterCard,14536545799,Ning Xia Hui Zu Zi Zhi Qu Hai Men Xian Huai Rou Zhang Jie Q Zuo  772487
CB9EGE7D2184738931230,Wang Xu,iPhone/13 Pro/Purple/32GB,4,131178,524712,WINTER10,472240.8,70836.12,2023-04-22 00:00:00,Failed,Pending,Debit Card,American Express,18749976551,Nei Meng Gu Zi Zhi Qu Mei Xian Shang Jie Hu Lu Z Zuo  563178
UDSTY8NNB184738931411,Wang Li,Xiaomi/Mi 11/White/8GB,6,51157,306942,NEWYEAR25,230206.5,34530.975,2023-04-22 00:00:00,Paid,Shipped,PayPal,PayPal,13143503075,Shan Xi Sheng Xiu Hua Xian Nan Hu Nan Jing Lu Q Zuo  448705
E8NCOKAH5184738931572,Cao Ping,OnePlus/9/Purple/8GB,6,77731,466386,NEWYEAR25,349789.5,52468.424999999996,2023-04-22 00:00:00,Paid,Delivered,PayPal,Alipay,18816933392,Guang Xi Zhuang Zu Zi Zhi Qu Bo Shi Sha Shi Qian Jiang Lu L Zuo  239508
UIZB5XDTS184738931748,Li Mei,Vivo/X60/Blue/1TB,2,88715,177430,WINTER10,159687.0,23953.05,2023-04-22 00:00:00,Pending,In Transit,PayPal,WeChat Pay,13068883518,Si Chuan Sheng Bin Shi Sha Wan Lu Jie J Zuo  614440
6QJ6BMJ85184738931914,Ye Juan,Huawei/P40/Blue/32GB,4,61639,246556,NEWYEAR25,184917.0,27737.55,2023-04-22 00:00:00,Pending,Delivered,Credit Card,Alipay,15313302154,Jiang Su Sheng Jia He Shi Mu Ye Han Dan Lu L Zuo  967272
MZYUTSPU6184738932078,Lu Yan,Vivo/X60/White/64GB,2,67971,135942,FESTIVE30,95159.4,14273.909999999998,2023-04-22 00:00:00,Paid,In Transit,Debit Card,Alipay,18248755104,Hu Bei Sheng Xue Mei Xian Yong Chuan Shang Hai Jie N Zuo  748562
8LQQ239RY184738932237,Yang Na,Vivo/X60/Purple/64GB,8,50358,402864,FESTIVE30,282004.8,42300.719999999994,2023-04-22 00:00:00,Failed,Shipped,Debit Card,PayPal,15585534947,Xin Jiang Wei Wu Er Zi Zhi Qu Bin Shi Zi Chuan Nan Chang Jie A Zuo  687354
3XIXABDV8184738932411,Peng Fan,Huawei/P40/Purple/1TB,2,64330,128660,SUMMER15,109361.0,16404.149999999998,2023-04-22 00:00:00,Failed,In Transit,Debit Card,Alipay,15614737160,Yun Nan Sheng Hui Zhou Shi Xi Shan Hui Zhou Lu J Zuo  994581
8USPO7Q0Y184738932581,Wen Cheng,Galaxy/S21/Blue/128GB,6,136251,817506,NEWYEAR25,613129.5,91969.425,2023-04-22 00:00:00,Paid,Pending,PayPal,PayPal,15783655731,Ao Men Te Bie Xing Zheng Qu Xiu Lan Shi He Chuan Zhou Lu W Zuo  763551
6SDTX6ZPT184738932773,Zhang Xiu Zhen,iPhone/13 Pro/Red/32GB,2,131870,263740,FESTIVE30,184618.0,27692.7,2023-04-22 00:00:00,Pending,Pending,Bank Transfer,Alipay,18581065430,Jiang Xi Sheng Xiao Hong Xian Nan Xi Xue Lu E Zuo  857700
XGRSAWJ6L184738932948,Chen Yu,Oppo/Reno5/Blue/32GB,9,146461,1318149,WINTER10,1186334.1,177950.11500000002,2023-04-22 00:00:00,Pending,In Transit,PayPal,American Express,18562019115,Shang Hai Shi Yu Mei Xian Hai Ling Fo Shan Lu Q Zuo  208200
OQNE0RZ0P184738933106,Yang Xin,Galaxy/S21/White/32GB,7,143654,1005578,WINTER10,905020.2000000001,135753.03,2023-04-22 00:00:00,Paid,Pending,Bank Transfer,MasterCard,18217523717,He Bei Sheng Jia He Shi Jing An Luo Jie P Zuo  551409
RDJA5B4XA184738933274,Zhao Shu Zhen,Vivo/X60/Black/1TB,3,50069,150207,NEWYEAR25,112655.25,16898.2875,2023-04-22 00:00:00,Failed,Pending,Credit Card,MasterCard,13022890247,Shan Xi Sheng La Sa Xian Qing Cheng Yin Chuan Jie A Zuo  337384
4QW6GCF8H184738933440,Liu Liu,Xiaomi/Mi 11/Blue/128GB,2,135009,270018,FESTIVE30,189012.59999999998,28351.889999999996,2023-04-22 00:00:00,Paid,In Transit,Debit Card,WeChat Pay,15656552515,Chong Qing Shi Yang Shi You Hao Bei Zhen Jie G Zuo  948367
FKE25TWF4184738933591,Wang Li,Xiaomi/Mi 11/Red/64GB,8,134069,1072552,WINTER10,965296.8,144794.52,2023-04-22 00:00:00,Paid,Pending,Bank Transfer,American Express,14507145085,Hu Bei Sheng Zhang Jia Gang Shi Wei Dou Ha Er Bin Jie G Zuo  647803
N3B54T0TJ184738933758,Han Ying,Oppo/Reno5/White/64GB,3,90265,270795,SPRING20,216636.0,32495.399999999998,2023-04-22 00:00:00,Paid,Pending,Debit Card,PayPal,15245843001,Nei Meng Gu Zi Zhi Qu Jian Jun Shi Xing Shan Ha Er Bin Jie E Zuo  923405
R2EJUX9DT184738933932,Zhang Chen,Xiaomi/Mi 11/Purple/64GB,5,101375,506875,SPRING20,405500.0,60825.0,2023-04-22 00:00:00,Pending,Shipped,Bank Transfer,American Express,14542927587,Bei Jing Shi Hui Zhou Shi Xiao Nan Hai Kou Jie X Zuo  299484
1HQCRSBT5184738934090,Fan Yang,Huawei/P40/Purple/64GB,5,120799,603995,WINTER10,543595.5,81539.325,2023-04-22 00:00:00,Pending,Pending,PayPal,MasterCard,18725411866,Xiang Gang Te Bie Xing Zheng Qu Gui Zhen Shi Hai Gang Hao Jie K Zuo  456874
DUBQQ44RJ184738934281,Zhang Li Hua,Huawei/P40/Red/1TB,5,52896,264480,FESTIVE30,185136.0,27770.399999999998,2023-04-22 00:00:00,Paid,Shipped,Bank Transfer,American Express,18595009155,Hu Nan Sheng Fan Shi Nan Hu Ma An Shan Jie K Zuo  992502
MAZMPYWX5184738934442,Wang Jie,iPhone/13 Pro/Blue/128GB,5,121343,606715,FESTIVE30,424700.5,63705.075,2023-04-22 00:00:00,Failed,Pending,Bank Transfer,American Express,15615868392,Hai Nan Sheng Ha Er Bin Xian Feng Dou Mo Lu J Zuo  402498
ZZNN0QYPP184738934617,Li Ping,iPhone/13/Blue/128GB,7,55076,385532,AUTUMN5,366255.39999999997,54938.30999999999,2023-04-22 00:00:00,Paid,In Transit,PayPal,MasterCard,13571993798,Ning Xia Hui Zu Zi Zhi Qu Yu Hua Shi Fang Shan Chong Qing Jie K Zuo  284954
0Z7WA1OLF184738934793,Xia Xiu Fang,iPhone/13/Purple/32GB,7,142021,994147,FESTIVE30,695902.8999999999,104385.43499999998,2023-04-22 00:00:00,Paid,Pending,Debit Card,American Express,13175161385,He Nan Sheng Xiu Zhen Shi Men Tou Gou Liu Lu W Zuo  280427
JEAHYJ3SN184738934972,Shi Ling,Huawei/P40/Blue/254GB,6,93382,560292,SUMMER15,476248.2,71437.23,2023-04-22 00:00:00,Pending,Delivered,Credit Card,Alipay,15883191551,Bei Jing Shi Zhi Qiang Shi Feng Dou He Shan Lu M Zuo  449992
4FR9VX96Z184738935129,Peng Yang,Vivo/X60/Blue/128GB,2,128606,257212,SPRING20,205769.6,30865.44,2023-04-22 00:00:00,Pending,Shipped,Credit Card,Alipay,13409450206,Hei Long Jiang Sheng Yong Xian Xiu Ying Chang Chun Jie J Zuo  988897
7G9AAWMEO184738935288,Liang Yu Mei,iPhone/13 Pro/Black/128GB,4,115012,460048,WINTER10,414043.2,62106.479999999996,2023-04-22 00:00:00,Pending,In Transit,Credit Card,PayPal,18914771917,He Nan Sheng Zheng Zhou Xian He Chuan Yi Dou Lu H Zuo  482129
54OFPHFZN184738935451,Huang Jun,iPhone/13/White/254GB,6,140654,843924,NEWYEAR25,632943.0,94941.45,2023-04-22 00:00:00,Pending,Delivered,PayPal,Visa,13143194635,Ji Lin Sheng Cheng Du Xian You Hao Li Jie K Zuo  667575
TBZZJ1CUY184738935620,Zhang Zhi Qiang,iPhone/13 Pro/Black/1TB,10,69930,699300,AUTUMN5,664335.0,99650.25,2023-04-22 00:00:00,Failed,Shipped,Bank Transfer,Alipay,18636688197,Shang Hai Shi Tong Liao Xian Da Xing Wang Lu R Zuo  391388
16S4BRTBI184738935797,Chen Hua,OnePlus/9/White/8GB,10,143096,1430960,AUTUMN5,1359412.0,203911.8,2023-04-22 00:00:00,Failed,Pending,Credit Card,PayPal,18217964335,Hu Nan Sheng Xia Shi Shang Jie Zhang Jie N Zuo  862279
SCQS5548F184738935965,Wang Gui Lan,Galaxy/S21/Red/32GB,6,72730,436380,SUMMER15,370923.0,55638.45,2023-04-22 00:00:00,Failed,Delivered,Bank Transfer,Alipay,14709048328,Jiang Xi Sheng Hai Yan Shi Pu Tuo Chang Sha Lu S Zuo  490516
RVG18B6BQ184738936131,Cai Hong,iPhone/13/White/128GB,5,58497,292485,SUMMER15,248612.25,37291.8375,2023-04-22 00:00:00,Paid,In Transit,Credit Card,PayPal,14769104052,Chong Qing Shi Hai Yan Xian Yong Chuan Li Lu E Zuo  258014
NZF0VWEQZ184738936303,Wang Ting Ting,iPhone/13/Black/8GB,6,114542,687252,NEWYEAR25,515439.0,77315.84999999999,2023-04-22 00:00:00,Paid,Shipped,Credit Card,PayPal,13243192105,Shan Dong Sheng Shuai Shi Zhang Shou Hu He Hao Te Jie L Zuo  560874
1QDS98YU1184738936471,Xie Xiu Fang,Oppo/Reno5/White/8GB,1,85776,85776,WINTER10,77198.40000000001,11579.76,2023-04-22 00:00:00,Pending,In Transit,Bank Transfer,Visa,13659072331,Shan Xi Sheng Gui Hua Shi Xi Feng Chong Qing Jie A Zuo  179160
BS6MUCNGT184738936635,Bai Huan,OnePlus/9/White/128GB,7,74571,521997,SUMMER15,443697.45,66554.6175,2023-04-22 00:00:00,Failed,Shipped,Debit Card,PayPal,14549520295,Guang Xi Zhuang Zu Zi Zhi Qu Xin Xian Feng Dou Xi An Jie U Zuo  911188
9HO9GQHIJ184738936808,Peng Shu Ying,Oppo/Reno5/Blue/8GB,10,136495,1364950,WINTER10,1228455.0,184268.25,2023-04-22 00:00:00,Paid,Shipped,Debit Card,American Express,13248992970,Yun Nan Sheng Xin Xian Liang Ping Han Dan Jie S Zuo  594321
85JLX3JJJ184738936966,Xiao Juan,iPhone/13 Pro/Black/128GB,3,65913,197739,NEWYEAR25,148304.25,22245.6375,2023-04-22 00:00:00,Paid,Shipped,Bank Transfer,MasterCard,15099715805,Gui Zhou Sheng Zhang Sha Shi Ji Qu Fu Zhou Jie K Zuo  799127
XRRNG1OTK184738937129,Yang Ning,OnePlus/9/Purple/128GB,1,62057,62057,SUMMER15,52748.45,7912.267499999999,2023-04-22 00:00:00,Failed,Shipped,PayPal,MasterCard,13922799715,Ao Men Te Bie Xing Zheng Qu Xi Ning Shi Sha Shi Xing Cheng Lu U Zuo  224105
QS9HFPIVG184738937306,Xu Yu Zhen,Xiaomi/Mi 11/Purple/8GB,10,128816,1288160,WINTER10,1159344.0,173901.6,2023-04-22 00:00:00,Paid,Delivered,Bank Transfer,WeChat Pay,18060102713,Hu Bei Sheng Hai Men Xian Jin Ping He Fei Lu J Zuo  388297
WHMP96DDT184738937465,Peng Dan,iPhone/13 Pro/Purple/64GB,6,109234,655404,FESTIVE30,458782.8,68817.42,2023-04-22 00:00:00,Pending,Delivered,Bank Transfer,Alipay,13346726441,Liao Ning Sheng Shu Hua Xian Jin Ping Qi Qi Ha Er Lu T Zuo  549051
1CUYT84FH184738937633,Yang Yan,Galaxy/S21/Purple/128GB,2,134061,268122,FESTIVE30,187685.4,28152.809999999998,2023-04-22 00:00:00,Paid,In Transit,PayPal,American Express,13695549961,Hu Nan Sheng Yu Shi Nan Xi Ma An Shan Jie J Zuo  883095
04Y57625W184738937792,Shen Rong,iPhone/13/White/1TB,4,149267,597068,FESTIVE30,417947.6,62692.13999999999,2023-04-22 00:00:00,Failed,Pending,Bank Transfer,Visa,15098035214,Hai Nan Sheng Qian Jiang Shi Jing An Tan Lu D Zuo  134162
GS3AWUS1K184738937962,Chen Bo,iPhone/13/Blue/1TB,7,82979,580853,SUMMER15,493725.05,74058.75749999999,2023-04-22 00:00:00,Failed,Pending,Bank Transfer,Alipay,18061205742,Si Chuan Sheng Yang Xian Shang Jie Zhang Jia Gang Jie H Zuo  137803
O7J23UTEF184738938118,Shi Shu Ying,iPhone/13/White/64GB,5,115878,579390,SPRING20,463512.0,69526.8,2023-04-22 00:00:00,Paid,Shipped,Credit Card,Visa,14552864949,Xi Zang Zi Zhi Qu Tai Yuan Xian Fu Cheng Tian Lu M Zuo  130274
NV3HPOI9Y184738938301,Wang Xiu Zhen,Xiaomi/Mi 11/Purple/64GB,10,137381,1373810,NEWYEAR25,1030357.5,154553.625,2023-04-22 00:00:00,Paid,In Transit,Bank Transfer,Visa,15800513087,Shan Xi Sheng Shuai Xian Shan Ting Zhang Jie T Zuo  425503
UM3BWS25R184738938471,Fu Huan,Oppo/Reno5/White/8GB,1,90705,90705,WINTER10,81634.5,12245.175,2023-04-22 00:00:00,Pending,Pending,Debit Card,MasterCard,15199228881,Ji Lin Sheng Hai Kou Shi Da Dong Da Ye Jie A Zuo  124650
V0J5FSRRA184738938626,Rao Xue,Xiaomi/Mi 11/Blue/128GB,4,136981,547924,AUTUMN5,520527.8,78079.17,2023-04-22 00:00:00,Paid,Shipped,Bank Transfer,Alipay,18688718414,Xiang Gang Te Bie Xing Zheng Qu Da Ye Xian Long Tan Xie Jie T Zuo  185594
GFFULDH1L184738938815,Huang Min,OnePlus/9/White/1TB,9,83670,753030,WINTER10,677727.0,101659.05,2023-04-22 00:00:00,Failed,Pending,Credit Card,American Express,15067703604,Yun Nan Sheng Li Juan Xian Cheng Bei Bei Jing Jie R Zuo  132774
MEK6IQPP0184738938972,Liu Liu,iPhone/13/Black/8GB,6,115947,695682,FESTIVE30,486977.39999999997,73046.60999999999,2023-04-22 00:00:00,Paid,Delivered,Bank Transfer,PayPal,18618935866,Nei Meng Gu Zi Zhi Qu Gui Zhi Shi Sha Shi Xin Ji Lu A Zuo  493234
NDGMZSUN1184738939145,Chen Jian,OnePlus/9/Red/64GB,4,114676,458704,SUMMER15,389898.39999999997,58484.759999999995,2023-04-22 00:00:00,Paid,Shipped,Debit Card,Alipay,18676298023,Guang Dong Sheng Qi Qi Ha Er Xian Shan Ting Liao Yang Jie J Zuo  392718
S8TQDMSFT184738939314,Wang Xiu Hua,Vivo/X60/White/64GB,8,80356,642848,WINTER10,578563.2000000001,86784.48000000001,2023-04-22 00:00:00,Pending,In Transit,Credit Card,Alipay,18270686779,Yun Nan Sheng Juan Shi Pu Tuo Shen Zhen Jie D Zuo  177471
Q3YRFQLH7184738939474,Ju Kun,Vivo/X60/Red/128GB,10,119665,1196650,WINTER10,1076985.0,161547.75,2023-04-22 00:00:00,Paid,Delivered,PayPal,Visa,13091800865,Gan Su Sheng Yu Zhen Xian Xi Shan Kun Ming Lu C Zuo  254474
MSPQRDP7P184738939635,Xia Yu Hua,iPhone/13 Pro/Purple/1TB,9,129637,1166733,FESTIVE30,816713.1,122506.965,2023-04-22 00:00:00,Failed,Delivered,Bank Transfer,Alipay,18940085709,Bei Jing Shi Liu Shi Sha Wan Hu He Hao Te Lu W Zuo  899838
MQEYYTJ99184738939801,Tan Shu Zhen,OnePlus/9/Red/32GB,1,143219,143219,FESTIVE30,100253.29999999999,15037.994999999997,2023-04-22 00:00:00,Pending,In Transit,PayPal,Visa,14732409829,He Nan Sheng Wu Zhou Shi Xiao Nan Guan Ling Lu V Zuo  610889
Y8R071B2R184738939966,Qiu Xin,iPhone/13/Blue/8GB,9,58441,525969,NEWYEAR25,394476.75,59171.5125,2023-04-22 00:00:00,Failed,Pending,Credit Card,Visa,15345137235,Fu Jian Sheng Bo Xian Xiao Shan Wang Lu C Zuo  664300
YXRVPBSTI184738940132,Yuan Gui Zhen,iPhone/13/Red/64GB,5,149192,745960,WINTER10,671364.0,100704.59999999999,2023-04-22 00:00:00,Failed,Pending,Bank Transfer,WeChat Pay,18569916358,Tian Jin Shi Xing An Meng Shi Shen He Jiang Jie M Zuo  395392
5GCNYDK6G184738940315,Zhang Yan,Xiaomi/Mi 11/White/64GB,3,104149,312447,WINTER10,281202.3,42180.344999999994,2023-04-22 00:00:00,Paid,Delivered,Bank Transfer,MasterCard,18285679509,Gan Su Sheng Chang Shi Xiao Shan Zhong Lu I Zuo  639665
73D50VGCM184738940486,Dong Gang,Huawei/P40/White/32GB,5,146666,733330,WINTER10,659997.0,98999.55,2023-04-22 00:00:00,Failed,Delivered,PayPal,WeChat Pay,13004941285,Chong Qing Shi Guan Ling Xian Qing Cheng Gan Jie S Zuo  568656
JAMM2YOFT184738940660,Wu Xin,Vivo/X60/Black/8GB,2,87388,174776,NEWYEAR25,131082.0,19662.3,2023-04-22 00:00:00,Failed,Pending,Credit Card,American Express,13366843781,Xiang Gang Te Bie Xing Zheng Qu Liu Zhou Shi Hua Xi Zan Lu E Zuo  918684
4JMNHPLUY184738940857,Wang Shuai,iPhone/13/Blue/1TB,8,123442,987536,NEWYEAR25,740652.0,111097.8,2023-04-22 00:00:00,Failed,Delivered,Bank Transfer,Alipay,18868151389,Xi Zang Zi Zhi Qu Shang Hai Shi Mu Ye Cao Lu K Zuo  414842
9HUGFIIK8184738941045,Feng Fan,iPhone/13/Purple/64GB,7,109430,766010,WINTER10,689409.0,103411.34999999999,2023-04-22 00:00:00,Paid,In Transit,Credit Card,Alipay,18517142625,Si Chuan Sheng Bei Jing Shi Xu Hui Deng Jie X Zuo  212695
DPJOW6B4Z184738941215,Xiao Juan,Huawei/P40/Red/128GB,8,140089,1120712,NEWYEAR25,840534.0,126080.09999999999,2023-04-22 00:00:00,Pending,In Transit,Debit Card,American Express,18927177770,Gui Zhou Sheng Chang Xian Hua Xi Xiao Jie K Zuo  409357
J4OQV4TVL184738941385,Chen Xiu Lan,OnePlus/9/Blue/64GB,7,86700,606900,FESTIVE30,424830.0,63724.5,2023-04-22 00:00:00,Paid,Pending,Credit Card,MasterCard,13803340220,Ao Men Te Bie Xing Zheng Qu Da Ye Xian Zi Chuan Lu An Lu U Zuo  609238
WMLEFAO5D184738941572,Zhang Nan,Huawei/P40/Purple/64GB,5,111514,557570,WINTER10,501813.0,75271.95,2023-04-22 00:00:00,Paid,In Transit,PayPal,PayPal,15117376895,Gan Su Sheng Fan Xian An Ci Hai Kou Lu C Zuo  986633
3ZQ6LNZGI184738941727,Liu Peng,OnePlus/9/Blue/128GB,5,80063,400315,FESTIVE30,280220.5,42033.075,2023-04-22 00:00:00,Failed,Shipped,Credit Card,Alipay,14744076857,Ji Lin Sheng Qi Qi Ha Er Xian Xiang An Sun Jie G Zuo  553079
V16BW14TA184738941908,Peng Xue,OnePlus/9/Red/64GB,5,53008,265040,SPRING20,212032.0,31804.8,2023-04-22 00:00:00,Failed,Delivered,Bank Transfer,MasterCard,18105546327,Fu Jian Sheng Ying Xian Shuang Luan Chen Jie N Zuo  448032
AMXQLC7MG184738942086,Liu Xiang,Huawei/P40/Purple/32GB,8,78742,629936,NEWYEAR25,472452.0,70867.8,2023-04-22 00:00:00,Failed,Pending,Debit Card,PayPal,15040736333,Shan Xi Sheng Tai Yuan Xian Ji Qu Fan Jie V Zuo  824483
98VVDWS9Y184738942255,Wang Long,Xiaomi/Mi 11/White/64GB,6,119639,717834,FESTIVE30,502483.8,75372.56999999999,2023-04-22 00:00:00,Failed,Shipped,Debit Card,Alipay,15390282376,Nei Meng Gu Zi Zhi Qu Xiu Fang Shi Gao Ming Lv Lu C Zuo  551673
QAIMJ66X6184738942440,Chen Dan,OnePlus/9/White/128GB,1,108139,108139,SUMMER15,91918.15,13787.722499999998,2023-04-22 00:00:00,Pending,Delivered,Credit Card,Alipay,15607512379,Yun Nan Sheng Guan Ling Xian Liang Ping Yong An Jie R Zuo  190742
4S2R8ZAJL184738942595,Huang Dong Mei,Vivo/X60/Red/1TB,2,104881,209762,SPRING20,167809.6,25171.44,2023-04-22 00:00:00,Paid,Pending,Bank Transfer,PayPal,15158135116,Zhe Jiang Sheng Jing Xian You Hao Gao Jie C Zuo  737230
O1EGAHZWB184738942763,Hu Huan,OnePlus/9/Blue/8GB,6,60799,364794,SPRING20,291835.2,43775.28,2023-04-22 00:00:00,Failed,Pending,Debit Card,Visa,15186078533,Shang Hai Shi Feng Xian An Ci Chao Zhou Lu Y Zuo  353306
UK00W8UE6184738942915,Ren Yan,Xiaomi/Mi 11/White/32GB,9,142202,1279818,SPRING20,1023854.4,153578.16,2023-04-22 00:00:00,Failed,Shipped,Bank Transfer,WeChat Pay,15106673142,Bei Jing Shi Shu Lan Shi Dong Li Zhang Lu O Zuo  634187
12P1ZCV53184738943084,Wang Feng,Xiaomi/Mi 11/Blue/1TB,1,143186,143186,WINTER10,128867.40000000001,19330.11,2023-04-22 00:00:00,Paid,In Transit,PayPal,American Express,13194516988,Hu Bei Sheng Cheng Du Shi He Ping He Fei Lu T Zuo  456397
2WH1U16BN184738943244,Wang Hui,Oppo/Reno5/Blue/1TB,5,90677,453385,WINTER10,408046.5,61206.975,2023-04-22 00:00:00,Failed,Pending,Credit Card,Alipay,18050142461,Ao Men Te Bie Xing Zheng Qu Ling Shi Ji Zhou Jin Lu T Zuo  908831
RT1FO2SMU184738943432,Tao Yu,iPhone/13/Purple/32GB,6,59158,354948,SPRING20,283958.4,42593.76,2023-04-22 00:00:00,Failed,Shipped,PayPal,Alipay,15985658695,Guang Xi Zhuang Zu Zi Zhi Qu Yu Lan Xian Bin Cheng Yang Jie C Zuo  251978
OHODM875W184738943635,Xia Li Juan,Xiaomi/Mi 11/Black/128GB,5,77350,386750,AUTUMN5,367412.5,55111.875,2023-04-22 00:00:00,Failed,In Transit,Bank Transfer,American Express,15157923033,Bei Jing Shi Xue Mei Shi Fang Shan Yong An Lu U Zuo  742021
38AKLYVCK184738943799,Ding Yu,OnePlus/9/Blue/254GB,9,102984,926856,NEWYEAR25,695142.0,104271.3,2023-04-22 00:00:00,Pending,In Transit,Debit Card,MasterCard,15504925224,Si Chuan Sheng Ning De Xian Bai Yun Xie Lu E Zuo  242501
0KPNA4PAE184738943969,Jiang Yang,Oppo/Reno5/Red/128GB,4,79258,317032,AUTUMN5,301180.39999999997,45177.05999999999,2023-04-22 00:00:00,Pending,Shipped,Credit Card,Visa,15316835400,Chong Qing Shi Ying Xian Xing Shan Liang Jie O Zuo  758825
Z2HQ9SF1Z184738944137,Yu Yang,iPhone/13/White/32GB,7,51203,358421,AUTUMN5,340499.95,51074.9925,2023-04-22 00:00:00,Paid,In Transit,Debit Card,Visa,15371166781,Xi Zang Zi Zhi Qu Fu Zhou Shi Feng Dou He Lu Q Zuo  592493
DME1CM6AZ184738944316,Yang Shu Hua,Galaxy/S21/Red/8GB,3,58368,175104,FESTIVE30,122572.79999999999,18385.92,2023-04-22 00:00:00,Paid,Shipped,PayPal,Alipay,15600076250,Shan Dong Sheng Ling Xian Liu Zhi Te Li Lu P Zuo  838504
Y5BNE4XYJ184738944489,Yang Xue,iPhone/13 Pro/Blue/1TB,6,130929,785574,WINTER10,707016.6,106052.48999999999,2023-04-22 00:00:00,Failed,Shipped,PayPal,MasterCard,15504150482,Hei Long Jiang Sheng Ha Er Bin Xian Xi Feng Tang Jie K Zuo  486205
5Z4WMJ4IU184738944670,Ke Yu Hua,iPhone/13 Pro/White/8GB,4,137273,549092,SPRING20,439273.60000000003,65891.04000000001,2023-04-22 00:00:00,Pending,In Transit,Debit Card,MasterCard,13906195670,He Nan Sheng Xing An Meng Shi Xun Yang Li Lu O Zuo  160878
R3PD9APAI184738944850,Chen Ling,Huawei/P40/Black/64GB,1,104767,104767,FESTIVE30,73336.9,11000.534999999998,2023-04-22 00:00:00,Pending,Delivered,Bank Transfer,American Express,15949445611,Hu Nan Sheng Guang Zhou Shi Hai Gang Yang Lu Y Zuo  188639
HEZ3KJ3VR184738945020,Bao Lan Ying,Huawei/P40/Blue/254GB,1,123305,123305,FESTIVE30,86313.5,12947.025,2023-04-22 00:00:00,Failed,Shipped,PayPal,American Express,18734493525,Yun Nan Sheng He Shan Xian Mu Ye Hang Zhou Jie K Zuo  432100
RGUXR3BED184738945190,Qi Lei,Oppo/Reno5/Purple/1TB,2,67442,134884,AUTUMN5,128139.79999999999,19220.969999999998,2023-04-22 00:00:00,Pending,Pending,Credit Card,Alipay,18663875918,Hu Bei Sheng Lan Zhou Shi Jiang Bei Zhang Jie A Zuo  407266
DWUVP5D0A184738945364,Li Gui Zhen,Xiaomi/Mi 11/Blue/32GB,3,54331,162993,AUTUMN5,154843.35,23226.5025,2023-04-22 00:00:00,Paid,Pending,PayPal,WeChat Pay,15762472027,Shan Dong Sheng Hang Zhou Shi Jing An Li Jie S Zuo  933552
BZGIJRNQY184738945540,Zhang Ying,OnePlus/9/White/32GB,2,143880,287760,AUTUMN5,273372.0,41005.799999999996,2023-04-22 00:00:00,Failed,Pending,Debit Card,PayPal,18504539630,Hu Bei Sheng Guang Zhou Shi Min Xing Zhang Lu B Zuo  696461
23DYTXX98184738945717,Li Nan,Huawei/P40/Red/128GB,3,72427,217281,NEWYEAR25,162960.75,24444.1125,2023-04-22 00:00:00,Failed,Pending,Bank Transfer,American Express,15838718464,Gui Zhou Sheng Gui Zhen Shi Shuang Luan Zhang Lu Z Zuo  693981
WDUWWEVFA184738945886,Li Mei,Vivo/X60/White/8GB,7,69752,488264,FESTIVE30,341784.8,51267.719999999994,2023-04-22 00:00:00,Paid,In Transit,Bank Transfer,MasterCard,15303987702,Tai Wan Sheng Yin Chuan Shi Nan Xi Chang Sha Jie R Zuo  320001
CIJTIL691184738946049,Zhang Jing,iPhone/13/Purple/128GB,10,55226,552260,SPRING20,441808.0,66271.2,2023-04-22 00:00:00,Pending,Shipped,Debit Card,Visa,15133201572,Qing Hai Sheng Jun Shi Dong Cheng Han Dan Jie O Zuo  401361
K3YY4HVL4184738946208,Wang Ting,iPhone/13 Pro/White/8GB,8,140760,1126080,SUMMER15,957168.0,143575.19999999998,2023-04-22 00:00:00,Paid,Delivered,Credit Card,MasterCard,15913351403,Bei Jing Shi Fan Shi Xi Shan Chang Sha Lu S Zuo  580933
RCQNTJFC5184738946360,Wang Xiu Rong,Huawei/P40/White/254GB,3,134709,404127,AUTUMN5,383920.64999999997,57588.097499999996,2023-04-22 00:00:00,Paid,Delivered,Bank Transfer,Alipay,15903240811,Jiang Su Sheng Liu Zhou Shi Fang Shan Du Lu B Zuo  318273
KIAQFKVYU184738946533,Tang Jian Guo,Huawei/P40/White/254GB,4,55536,222144,FESTIVE30,155500.8,23325.12,2023-04-22 00:00:00,Pending,Shipped,Bank Transfer,Visa,15696537645,Gui Zhou Sheng Rui Shi Hai Ling Chen Lu V Zuo  755099
R6IZTTKVH184738946701,Wang Bo,Huawei/P40/Black/128GB,7,81088,567616,WINTER10,510854.4,76628.16,2023-04-22 00:00:00,Paid,Shipped,PayPal,WeChat Pay,18845734034,Shan Xi Sheng Qiang Shi Dong Li Zheng Zhou Lu Y Zuo  499264
LO0M3DCWU184738946851,Pan Gang,OnePlus/9/White/32GB,10,68551,685510,SUMMER15,582683.5,87402.525,2023-04-22 00:00:00,Pending,Delivered,Credit Card,PayPal,15512154041,Shan Dong Sheng Ha Er Bin Xian Liang Ping Tian Jin Jie W Zuo  944554
1VIA67W1G184738947011,Chen Bin,Oppo/Reno5/Blue/128GB,10,136661,1366610,NEWYEAR25,1024957.5,153743.625,2023-04-22 00:00:00,Paid,Delivered,Credit Card,WeChat Pay,13292092286,Tai Wan Sheng Bei Jing Xian Xiao Shan Ha Er Bin Lu D Zuo  247648
7LYHFPXYS184738947175,Tong Hai Yan,Galaxy/S21/Red/1TB,6,144023,864138,FESTIVE30,604896.6,90734.48999999999,2023-04-22 00:00:00,Pending,Delivered,Debit Card,Visa,18705225230,An Hui Sheng Gui Xiang Xian Huang Pu Fo Shan Jie N Zuo  973597
LIBGJNLN5184738947340,Dong Jin Feng,Oppo/Reno5/White/254GB,6,134693,808158,SPRING20,646526.4,96978.96,2023-04-22 00:00:00,Failed,In Transit,Debit Card,MasterCard,13369227139,Qing Hai Sheng Yu Xian Yong Chuan Wu Jie B Zuo  189745
N8SZI288L184738947510,Zhou Yan,Xiaomi/Mi 11/Blue/1TB,4,50740,202960,AUTUMN5,192812.0,28921.8,2023-04-22 00:00:00,Failed,In Transit,Credit Card,Visa,15056663174,He Bei Sheng Tai Yuan Shi Hai Gang Wu Zhou Lu W Zuo  709466
OXF36ZV8N184738947666,Ou Yang Gui Zhen,iPhone/13/Blue/254GB,7,143181,1002267,AUTUMN5,952153.6499999999,142823.0475,2023-04-22 00:00:00,Paid,Shipped,PayPal,Alipay,15088142542,Xiang Gang Te Bie Xing Zheng Qu Jie Xian Fu Cheng Zheng Lu D Zuo  949010
VOU735ER5184738947863,Shen Yu Ying,Huawei/P40/Purple/1TB,2,123593,247186,SUMMER15,210108.1,31516.215,2023-04-22 00:00:00,Paid,Pending,PayPal,Alipay,13010879069,Yun Nan Sheng Cheng Du Xian Nan Xi Shi Jia Zhuang Jie J Zuo  938344
EA1HF7P08184738948036,Yan Yang,Galaxy/S21/White/32GB,9,112714,1014426,SPRING20,811540.8,121731.12,2023-04-22 00:00:00,Paid,In Transit,PayPal,WeChat Pay,13257517562,Xi Zang Zi Zhi Qu Fei Shi Fang Shan Gan Lu T Zuo  767325
4QPBDXJ2V184738948211,Jin Yu Lan,Huawei/P40/Blue/8GB,2,81752,163504,SPRING20,130803.20000000001,19620.48,2023-04-22 00:00:00,Pending,Shipped,Credit Card,Visa,13714956597,Shan Dong Sheng Xu Shi Xi Shan Zhang Jie S Zuo  854581
BW415WJEV184738948381,Xiong Hong Xia,Huawei/P40/Red/64GB,8,83091,664728,AUTUMN5,631491.6,94723.73999999999,2023-04-22 00:00:00,Failed,Delivered,Bank Transfer,PayPal,14740216340,Xiang Gang Te Bie Xing Zheng Qu Liu Pan Shui Shi Xun Yang Dong Guan Lu L Zuo  776376
TTNVLM26B184738948575,Liu Gui Lan,Vivo/X60/Red/64GB,5,115043,575215,SUMMER15,488932.75,73339.91249999999,2023-04-22 00:00:00,Paid,Pending,Credit Card,PayPal,15773513241,Ao Men Te Bie Xing Zheng Qu Yan Shi Xiao Nan Ji Nan Jie Q Zuo  216651
2T8U47IFU184738948754,Wang Min,iPhone/13 Pro/Blue/128GB,10,100261,1002610,AUTUMN5,952479.5,142871.925,2023-04-22 00:00:00,Failed,Pending,PayPal,Visa,18905080951,Hai Nan Sheng Li Xian Hua Xi Hao Jie I Zuo  477802
7GVP0XWG2184738948921,Xie Shuai,Huawei/P40/Blue/254GB,7,123780,866460,NEWYEAR25,649845.0,97476.75,2023-04-22 00:00:00,Pending,In Transit,Credit Card,American Express,13090324140,Tai Wan Sheng Zhang Jia Gang Xian Jiang Bei Nan Jing Jie Q Zuo  946323
PY50WT6ZC184738949086,Xue Gui Hua,iPhone/13 Pro/Red/128GB,2,97367,194734,NEWYEAR25,146050.5,21907.575,2023-04-22 00:00:00,Pending,In Transit,Bank Transfer,American Express,13644182064,Tai Wan Sheng Dan Xian Xi Shan Xi An Jie K Zuo  705108
VZ72MGQZD184738949256,Lu Jian Ping,iPhone/13/Black/64GB,7,96641,676487,WINTER10,608838.3,91325.74500000001,2023-04-22 00:00:00,Pending,Pending,PayPal,MasterCard,15741133936,Qing Hai Sheng Xue Mei Shi Xin Cheng Zhang Jie A Zuo  415771
ZW1UDC1CS184738949431,Liu Jun,Xiaomi/Mi 11/White/64GB,2,108033,216066,WINTER10,194459.4,29168.91,2023-04-22 00:00:00,Pending,Pending,Bank Transfer,Visa,18523989760,Liao Ning Sheng Shang Hai Xian Liu Zhi Te Liu Lu H Zuo  983183
G47IKN433184738949602,Chen Yu Mei,Oppo/Reno5/Black/254GB,9,62679,564111,NEWYEAR25,423083.25,63462.487499999996,2023-04-22 00:00:00,Pending,Shipped,PayPal,Visa,13964514353,Hai Nan Sheng Jun Xian Xiu Ying Li Jie F Zuo  917504
95Z99XPEM184738949774,Fang Yang,iPhone/13 Pro/Blue/128GB,4,106289,425156,AUTUMN5,403898.19999999995,60584.72999999999,2023-04-22 00:00:00,Pending,In Transit,Credit Card,PayPal,14770057215,Shan Dong Sheng Na Xian An Ci Cheng Du Lu T Zuo  269363
L9F315E97184738949927,Ma Jun,Galaxy/S21/Red/64GB,3,144485,433455,SPRING20,346764.0,52014.6,2023-04-22 00:00:00,Pending,Pending,PayPal,Visa,15321311337,Zhe Jiang Sheng Hui Zhou Xian Min Xing Tao Jie B Zuo  725881
27Q9NZW3G184738950094,Ye Xue Mei,iPhone/13 Pro/Black/8GB,9,70375,633375,FESTIVE30,443362.5,66504.375,2023-04-22 00:00:00,Pending,Delivered,PayPal,WeChat Pay,18622779642,Shan Xi Sheng Yan Shi He Chuan Chen Lu J Zuo  180965
GF2UG8A2B184738950262,Zhang Li,iPhone/13/White/128GB,10,146441,1464410,SPRING20,1171528.0,175729.19999999998,2023-04-22 00:00:00,Paid,Shipped,Bank Transfer,Visa,13350666044,Shan Xi Sheng Qi Qi Ha Er Xian Xi Feng La Sa Lu K Zuo  655396
24YMA6FUB184738950436,Jin Xiu Ying,Galaxy/S21/White/32GB,2,116088,232176,SUMMER15,197349.6,29602.44,2023-04-22 00:00:00,Failed,Pending,PayPal,WeChat Pay,18703523615,Liao Ning Sheng Guang Zhou Shi Sha Shi Dai Lu J Zuo  854575
QPR491RMB184738950610,Hu Jian Ping,iPhone/13/Purple/32GB,2,144448,288896,FESTIVE30,202227.19999999998,30334.079999999994,2023-04-22 00:00:00,Paid,Delivered,Debit Card,Alipay,13808948173,Shan Dong Sheng Xia Xian Dong Li Ning De Jie X Zuo  948604
UY1GKNFCM184738950766,Yang Wen,Vivo/X60/White/128GB,1,146051,146051,WINTER10,131445.9,19716.885,2023-04-22 00:00:00,Paid,Pending,Debit Card,Visa,13478711403,Ji Lin Sheng Bei Jing Shi Xi Feng Lin Lu G Zuo  519242
LQQJSW9P5184738950935,Ming Jun,iPhone/13 Pro/Red/1TB,6,66133,396798,SUMMER15,337278.3,50591.744999999995,2023-04-22 00:00:00,Pending,In Transit,Credit Card,MasterCard,18732678568,Gui Zhou Sheng Feng Shi Ji Zhou Liu Pan Shui Jie Z Zuo  727517
5AUV4M63N184738951093,Deng Hui,iPhone/13/Red/64GB,7,87398,611786,NEWYEAR25,458839.5,68825.925,2023-04-22 00:00:00,Pending,Shipped,Bank Transfer,WeChat Pay,14592469771,Hei Long Jiang Sheng He Fei Shi Hai Ling Xiang Gang Jie B Zuo  765073
44Y4LYGXO184738951253,Wu Feng Ying,OnePlus/9/Red/32GB,2,120846,241692,FESTIVE30,169184.4,25377.66,2023-04-22 00:00:00,Paid,In Transit,Debit Card,MasterCard,18880313368,Liao Ning Sheng Mei Xian Men Tou Gou Cheng Lu N Zuo  122117
P5W6IH3GU184738951427,Liu Hui,OnePlus/9/Blue/8GB,6,141334,848004,NEWYEAR25,636003.0,95400.45,2023-04-22 00:00:00,Failed,In Transit,PayPal,American Express,18094303600,Bei Jing Shi Shu Ying Shi Cheng Dong Fo Shan Jie Q Zuo  833630
4UHGNUSL2184738951581,Ge Xiu Ying,Huawei/P40/White/128GB,2,131256,262512,WINTER10,236260.80000000002,35439.12,2023-04-22 00:00:00,Paid,Delivered,PayPal,American Express,14763261976,Hu Nan Sheng Yong Xian Huang Pu Chang Chun Jie W Zuo  910033
PQAPTGBIF184738951739,Liu Na,Oppo/Reno5/Purple/32GB,7,69191,484337,SPRING20,387469.60000000003,58120.44,2023-04-22 00:00:00,Pending,Shipped,Credit Card,American Express,15540923276,Si Chuan Sheng Fu Zhou Shi Nan Xi Lu An Lu G Zuo  568555
GB0MKPCPM184738951896,Ma Nan,Galaxy/S21/Red/32GB,7,132722,929054,WINTER10,836148.6,125422.29,2023-04-22 00:00:00,Failed,In Transit,Bank Transfer,WeChat Pay,13522586200,Ji Lin Sheng Lin Xian You Hao He Lu K Zuo  524636
1BS91N13K184738952062,Feng Gui Rong,Xiaomi/Mi 11/Purple/254GB,9,63730,573570,FESTIVE30,401499.0,60224.85,2023-04-22 00:00:00,Pending,Pending,Debit Card,PayPal,13255734642,He Bei Sheng Liao Yang Xian Xin Cheng Li Lu U Zuo  740200
9X7PHQRMM184738952237,Ding Dong Mei,iPhone/13 Pro/Black/128GB,8,55851,446808,FESTIVE30,312765.6,46914.84,2023-04-22 00:00:00,Pending,Delivered,PayPal,Alipay,13899022549,Bei Jing Shi Lin Shi Dong Cheng Dong Guan Jie L Zuo  201292
NPJDAH60P184738952397,Dai Bin,OnePlus/9/Red/1TB,7,148245,1037715,FESTIVE30,726400.5,108960.075,2023-04-22 00:00:00,Pending,Delivered,Bank Transfer,American Express,13371660261,Qing Hai Sheng Shuai Shi Fu Cheng Dong Jie Q Zuo  708059
3JTOCFP66184738952560,Hu Yan,Oppo/Reno5/Red/254GB,10,114530,1145300,SPRING20,916240.0,137436.0,2023-04-22 00:00:00,Pending,In Transit,Debit Card,PayPal,15770214067,Tian Jin Shi He Fei Shi Shang Jie He Jie S Zuo  158761
N9FPXI6GE184738952728,Lv Rui,Galaxy/S21/Blue/128GB,1,62552,62552,SUMMER15,53169.2,7975.379999999999,2023-04-22 00:00:00,Paid,In Transit,Debit Card,American Express,15771356255,Tian Jin Shi Lu An Xian Hai Gang Yong An Lu N Zuo  852196
6U628UOH7184738952887,Che Li Li,iPhone/13/White/32GB,8,103865,830920,AUTUMN5,789374.0,118406.09999999999,2023-04-22 00:00:00,Paid,In Transit,PayPal,American Express,15382192766,Shang Hai Shi Ha Er Bin Xian Qing He Hu He Hao Te Lu M Zuo  114998
03FSYBWCO184738953065,Yang Chun Mei,Huawei/P40/Black/8GB,2,140547,281094,SUMMER15,238929.9,35839.485,2023-04-22 00:00:00,Failed,Shipped,Debit Card,MasterCard,15669421976,Guang Dong Sheng Yang Shi Dong Cheng Yang Jie P Zuo  849206
Z4FV0Y4C9184738953237,Zhang Xiao Hong,iPhone/13 Pro/Blue/1TB,9,135578,1220202,FESTIVE30,854141.3999999999,128121.20999999998,2023-04-22 00:00:00,Paid,Shipped,PayPal,WeChat Pay,18539418434,Hu Bei Sheng Qi Qi Ha Er Shi Zi Chuan Dong Lu J Zuo  128474
I2QI6BN1G184738953421,Zhang Xiu Hua,iPhone/13 Pro/White/1TB,2,51278,102556,WINTER10,92300.40000000001,13845.060000000001,2023-04-22 00:00:00,Paid,Shipped,Bank Transfer,Alipay,18282645344,Jiang Su Sheng He Fei Xian Wei Dou Tian Lu Y Zuo  125698
KFJQ33431184738953597,Shi Xia,Huawei/P40/Red/254GB,5,135430,677150,FESTIVE30,474004.99999999994,71100.74999999999,2023-04-22 00:00:00,Pending,In Transit,PayPal,Alipay,13568956699,Gan Su Sheng Xing An Meng Xian Fang Shan Chen Jie T Zuo  459632
YKP66J4OE184738953771,Xu Li Hua,Galaxy/S21/White/8GB,2,94686,189372,NEWYEAR25,142029.0,21304.35,2023-04-22 00:00:00,Failed,Shipped,Credit Card,PayPal,15091080089,Fu Jian Sheng Cheng Du Shi Shen He Xu Lu S Zuo  835349
ELT5A38WS184738953942,Li Lin,Galaxy/S21/Red/8GB,5,120627,603135,FESTIVE30,422194.5,63329.174999999996,2023-04-22 00:00:00,Failed,In Transit,Credit Card,MasterCard,13848842336,Zhe Jiang Sheng Chao Hu Xian Ping Shan Hai Lu N Zuo  286648
G0F89NT78184738954110,Xu Long,iPhone/13/Black/254GB,4,80273,321092,SUMMER15,272928.2,40939.23,2023-04-22 00:00:00,Pending,Shipped,PayPal,Visa,15891717355,Bei Jing Shi Nan Shi Gao Ping Lei Lu R Zuo  567755
FE8SQTL3W184738954271,Gu Ting,Xiaomi/Mi 11/Red/64GB,3,61458,184374,FESTIVE30,129061.79999999999,19359.269999999997,2023-04-22 00:00:00,Pending,In Transit,Bank Transfer,WeChat Pay,18104778253,Hu Nan Sheng Xing Cheng Shi Xing Shan Fo Shan Jie M Zuo  165210
ZZRN403ZY184738954432,He Yan,Huawei/P40/Black/1TB,1,134432,134432,SPRING20,107545.6,16131.84,2023-04-22 00:00:00,Pending,Delivered,PayPal,American Express,18922265524,Guang Dong Sheng Li Xian Hua Xi Shen Yang Lu X Zuo  660643
YSP9POHBY184738954584,Su Xiu Yun,Xiaomi/Mi 11/Blue/254GB,4,75764,303056,FESTIVE30,212139.19999999998,31820.879999999997,2023-04-22 00:00:00,Pending,Pending,Credit Card,PayPal,18024458485,Guang Dong Sheng Wu Zhou Xian Nan Zhang Qian Jiang Jie M Zuo  307979
MYV7K6CUK184738954751,Chen Xiu Yun,Oppo/Reno5/Purple/32GB,8,97915,783320,FESTIVE30,548324.0,82248.59999999999,2023-04-22 00:00:00,Failed,In Transit,Credit Card,PayPal,13835498677,Ji Lin Sheng Liao Yang Shi Nan Xi You Lu I Zuo  410541
247L4D4DL184738954921,Xu Liu,OnePlus/9/White/32GB,8,65981,527848,NEWYEAR25,395886.0,59382.899999999994,2023-04-22 00:00:00,Failed,Pending,Bank Transfer,Alipay,15067308237,Shan Dong Sheng Hai Men Shi Jing An Chao Hu Jie W Zuo  855014
SFX69GRVY184738955075,Bi Yan,iPhone/13/Black/64GB,3,118751,356253,SPRING20,285002.4,42750.36,2023-04-22 00:00:00,Failed,In Transit,PayPal,PayPal,15226302436,Hei Long Jiang Sheng Wu Zhou Xian Gao Gang Ha Er Bin Lu O Zuo  776777
H7XL6X6O8184738955239,Li Tao,Vivo/X60/Red/64GB,3,97808,293424,AUTUMN5,278752.8,41812.92,2023-04-22 00:00:00,Failed,Shipped,Credit Card,PayPal,15773520386,Xi Zang Zi Zhi Qu Gui Yang Shi Feng Dou Ao Men Lu V Zuo  268775
YP23S9OXX184738955404,Zhao Chun Mei,Huawei/P40/Black/254GB,4,132267,529068,SPRING20,423254.4,63488.16,2023-04-22 00:00:00,Paid,In Transit,Debit Card,Alipay,13021515315,He Bei Sheng Bin Shi An Ci Yin Chuan Jie P Zuo  222275
V4H293RBJ184738955561,Xu Peng,iPhone/13 Pro/Purple/32GB,4,111515,446060,NEWYEAR25,334545.0,50181.75,2023-04-22 00:00:00,Paid,Pending,Debit Card,Alipay,18578600421,Si Chuan Sheng Hu He Hao Te Xian Huang Pu Shuai Jie Y Zuo  574008
R1MGR8I8W184738955735,Hu Ying,Vivo/X60/Black/32GB,10,129830,1298300,NEWYEAR25,973725.0,146058.75,2023-04-22 00:00:00,Failed,Shipped,PayPal,MasterCard,13534807118,Gui Zhou Sheng Xing An Meng Shi Ji Zhou Chao Zhou Jie M Zuo  635796
KDJ2D39SK184738955896,Yang Jian,Xiaomi/Mi 11/Blue/1TB,7,90357,632499,FESTIVE30,442749.3,66412.39499999999,2023-04-22 00:00:00,Pending,Shipped,Bank Transfer,WeChat Pay,18934782622,Guang Dong Sheng Ting Ting Xian Dong Cheng He Fei Jie T Zuo  412080
SWASIMD0V184738956057,Fang Xin,Huawei/P40/Purple/32GB,1,100836,100836,FESTIVE30,70585.2,10587.779999999999,2023-04-22 00:00:00,Paid,In Transit,Credit Card,WeChat Pay,18974988815,Shang Hai Shi Chao Zhou Shi Hua Long Li Lu U Zuo  270141
IBP9NY7O5184738956226,Zhao Gui Lan,OnePlus/9/Purple/128GB,4,110518,442072,FESTIVE30,309450.39999999997,46417.55999999999,2023-04-22 00:00:00,Failed,Pending,PayPal,WeChat Pay,13754728263,Jiang Su Sheng Tai Yuan Xian Long Tan Yan Lu B Zuo  607045
RNOG7HG4D184738956404,Li Jian Hua,Oppo/Reno5/Blue/1TB,9,139763,1257867,SUMMER15,1069186.95,160378.04249999998,2023-04-22 00:00:00,Paid,In Transit,Bank Transfer,Alipay,13965629271,Guang Dong Sheng Jin Feng Xian Xi Shan Jing Men Lu B Zuo  186016
0EKE0PLWT184738956572,Zhang Chen,iPhone/13 Pro/Red/128GB,6,142086,852516,AUTUMN5,809890.2,121483.52999999998,2023-04-22 00:00:00,Failed,In Transit,Debit Card,Visa,15756190680,He Nan Sheng Jian Guo Xian Bai Yun Qiu Lu Y Zuo  858815
GLS6COYIJ184738956751,Wang Yu Mei,Galaxy/S21/Black/128GB,6,55117,330702,AUTUMN5,314166.89999999997,47125.034999999996,2023-04-22 00:00:00,Pending,In Transit,Bank Transfer,Alipay,13730962225,Tai Wan Sheng Feng Shi Shan Ting Tai Yuan Jie X Zuo  243369
N6AWJCR8Z184738956908,Chen Qin,Huawei/P40/Black/128GB,5,92925,464625,SUMMER15,394931.25,59239.6875,2023-04-22 00:00:00,Paid,Pending,Debit Card,PayPal,18539271745,Bei Jing Shi Ji Nan Xian Cheng Dong Li Lu R Zuo  260681
PH6KCQ626184738957079,Xu Yu Mei,Vivo/X60/Blue/128GB,4,102485,409940,AUTUMN5,389443.0,58416.45,2023-04-22 00:00:00,Failed,Pending,Bank Transfer,Visa,15661150199,He Nan Sheng Ao Men Xian Xiang An Fu Xin Jie B Zuo  467663
R58BVI53S184738957248,Xu Peng,OnePlus/9/Purple/64GB,3,144578,433734,SPRING20,346987.2,52048.08,2023-04-22 00:00:00,Failed,Delivered,Bank Transfer,MasterCard,18868425666,Jiang Su Sheng Ma An Shan Xian Jin Ping Li Lu Z Zuo  428450
ZXLTFVXJX184738957425,Zhang Yan,Oppo/Reno5/Black/32GB,4,55574,222296,SUMMER15,188951.6,28342.74,2023-04-22 00:00:00,Failed,Shipped,Bank Transfer,MasterCard,18211126254,An Hui Sheng Ying Xian Nan Xi Liu Pan Shui Lu B Zuo  146870
4KQ3086T3184738957585,Li Yu,iPhone/13 Pro/Black/64GB,10,63938,639380,SPRING20,511504.0,76725.59999999999,2023-04-22 00:00:00,Paid,In Transit,Debit Card,PayPal,18992841104,Hai Nan Sheng Chang Sha Shi Sha Wan Tong Liao Lu N Zuo  285750
NEO8N21ZR184738957743,Li Xin,Oppo/Reno5/Purple/64GB,6,56068,336408,SPRING20,269126.4,40368.96,2023-04-22 00:00:00,Paid,Pending,Debit Card,MasterCard,13935757124,Zhe Jiang Sheng Ying Shi Shuang Luan Wu Lu Mu Qi Jie S Zuo  359302
J144EY35M184738957908,Pan Xu,Galaxy/S21/Red/32GB,8,101176,809408,SPRING20,647526.4,97128.96,2023-04-22 00:00:00,Failed,In Transit,Debit Card,WeChat Pay,15058108849,Xin Jiang Wei Wu Er Zi Zhi Qu Rong Xian Min Xing Cheng Du Jie L Zuo  403225
FKMZBEBHE184738958085,Yang Feng,Huawei/P40/White/1TB,3,136378,409134,NEWYEAR25,306850.5,46027.575,2023-04-22 00:00:00,Pending,Shipped,PayPal,Alipay,18783251903,Jiang Su Sheng Jian Jun Xian Hai Gang Ha Er Bin Lu Q Zuo  161458
XSX1058HC184738958251,Fang Bin,Oppo/Reno5/White/254GB,8,116584,932672,SPRING20,746137.6000000001,111920.64000000001,2023-04-22 00:00:00,Pending,Delivered,Debit Card,Visa,13592905268,He Nan Sheng Li Shi Gao Ming Xia Lu Q Zuo  749076
FVQCVI49R184738958415,Zhang Lei,Oppo/Reno5/White/254GB,3,84511,253533,SPRING20,202826.40000000002,30423.960000000003,2023-04-22 00:00:00,Paid,In Transit,Credit Card,American Express,14580575978,Liao Ning Sheng Nan Jing Shi Nan Zhang Li Lu D Zuo  478499
HZ8RIFSA3184738958598,Wu Ting Ting,Oppo/Reno5/Red/64GB,4,60812,243248,WINTER10,218923.2,32838.48,2023-04-22 00:00:00,Paid,Shipped,Bank Transfer,Visa,13857483865,Gui Zhou Sheng Lan Ying Xian Zhang Shou Wu Lu Z Zuo  116164
PN2S4R0YS184738958778,Hu Xiu Yun,OnePlus/9/Black/254GB,1,131770,131770,SPRING20,105416.0,15812.4,2023-04-22 00:00:00,Failed,In Transit,Credit Card,MasterCard,15023470070,Xin Jiang Wei Wu Er Zi Zhi Qu Fang Shi Gao Ping Li Jie Y Zuo  215523
CGZL204AC184738958965,Zhang Chun Mei,Galaxy/S21/Blue/8GB,8,72167,577336,NEWYEAR25,433002.0,64950.299999999996,2023-04-22 00:00:00,Pending,Delivered,Credit Card,Alipay,14779973149,Shan Dong Sheng Bo Shi Gao Ping Ma An Shan Jie P Zuo  919780
U5Z5RPMAD184738959126,Hu Hai Yan,iPhone/13/Black/8GB,9,115022,1035198,AUTUMN5,983438.1,147515.715,2023-04-22 00:00:00,Pending,Delivered,Debit Card,Alipay,14549791905,Si Chuan Sheng Rong Shi Shuang Luan Tian Jin Jie A Zuo  266261
5KGI0UQRU184738959283,Wu Cheng,iPhone/13 Pro/Black/128GB,2,123741,247482,AUTUMN5,235107.9,35266.185,2023-04-22 00:00:00,Failed,Pending,Credit Card,Alipay,18648362464,Shan Dong Sheng Shang Hai Shi Men Tou Gou Dong Jie L Zuo  253760
FQWXOVTTT184738959456,Li Xiu Mei,iPhone/13 Pro/Red/128GB,6,111880,671280,FESTIVE30,469895.99999999994,70484.4,2023-04-22 00:00:00,Failed,In Transit,Credit Card,WeChat Pay,15808441700,Jiang Su Sheng Ha Er Bin Xian Long Tan Chao Hu Jie P Zuo  679587
OZFLEN3QE184738959625,Huang Xiu Fang,Xiaomi/Mi 11/Purple/128GB,1,76070,76070,WINTER10,68463.0,10269.449999999999,2023-04-22 00:00:00,Paid,Shipped,Credit Card,MasterCard,13556337705,Bei Jing Shi Cheng Du Xian Zi Chuan Ning De Jie Y Zuo  253890
CD07IE7A7184738959791,Zhou Rui,OnePlus/9/Black/32GB,9,124045,1116405,SPRING20,893124.0,133968.6,2023-04-22 00:00:00,Paid,In Transit,Credit Card,PayPal,15255978068,Ao Men Te Bie Xing Zheng Qu Fan Xian He Ping Hui Zhou Lu A Zuo  722018
7S0QCIICI184738959962,Gu Jian,Vivo/X60/Red/128GB,1,118347,118347,FESTIVE30,82842.9,12426.435,2023-04-22 00:00:00,Pending,Shipped,Credit Card,MasterCard,13673932334,Tai Wan Sheng Gui Xiang Xian Shan Ting Deng Lu F Zuo  579078
X9FXA78P2184738960131,Jiang Xue,iPhone/13/Black/32GB,6,82856,497136,AUTUMN5,472279.19999999995,70841.87999999999,2023-04-22 00:00:00,Paid,Pending,Credit Card,MasterCard,13617130029,Jiang Xi Sheng Ning Shi Yong Chuan Tong Liao Lu B Zuo  886605
4IW3WQOQG184738960288,Zhu Yan,iPhone/13/Black/128GB,4,126763,507052,FESTIVE30,354936.39999999997,53240.45999999999,2023-04-22 00:00:00,Paid,Delivered,PayPal,Alipay,15823474638,Nei Meng Gu Zi Zhi Qu Yang Xian Ji Qu Gui Yang Jie C Zuo  570742
8C1HDQYF2184738960457,Zhang Ping,Galaxy/S21/White/254GB,4,50085,200340,NEWYEAR25,150255.0,22538.25,2023-04-22 00:00:00,Pending,In Transit,PayPal,American Express,18629269210,Si Chuan Sheng Shu Ying Xian Gao Ming Meng Jie W Zuo  715269
OFUB2BYXY184738960646,Xu Lan Ying,iPhone/13/Black/1TB,2,84563,169126,AUTUMN5,160669.69999999998,24100.454999999998,2023-04-22 00:00:00,Failed,Pending,PayPal,MasterCard,15799101797,Shan Xi Sheng Chao Zhou Shi Sha Shi Liu Lu A Zuo  800634
5A2JJYKSG184738960842,Huang Yang,OnePlus/9/Blue/32GB,3,86162,258486,NEWYEAR25,193864.5,29079.675,2023-04-22 00:00:00,Paid,Pending,Debit Card,WeChat Pay,18239280208,Chong Qing Shi Jian Hua Xian Shang Jie Yang Lu L Zuo  733486
3C0RL1YPO184738961027,Yang Xiu Ying,iPhone/13/White/254GB,1,147660,147660,WINTER10,132894.0,19934.1,2023-04-22 00:00:00,Failed,Shipped,Bank Transfer,WeChat Pay,18062606029,Chong Qing Shi Xing Cheng Shi Da Xing Liu Jie L Zuo  334758
QJDUXHOD1184738961206,Cen Jian,iPhone/13 Pro/Red/32GB,2,55472,110944,NEWYEAR25,83208.0,12481.199999999999,2023-04-22 00:00:00,Failed,Delivered,PayPal,Alipay,15245693690,Shan Xi Sheng Dong Guan Shi Zhao Yang Yang Lu X Zuo  925411
BYK668ZMV184738961416,Chen Dan Dan,Xiaomi/Mi 11/Purple/64GB,10,67819,678190,WINTER10,610371.0,91555.65,2023-04-22 00:00:00,Failed,Pending,Debit Card,MasterCard,13897302235,Shan Dong Sheng Li Xian Chong Wen Jiang Lu B Zuo  294998
WX61BER0J184738961609,Chai Jian Jun,iPhone/13 Pro/White/64GB,4,92472,369888,WINTER10,332899.2,49934.88,2023-04-22 00:00:00,Paid,Delivered,PayPal,WeChat Pay,13696727185,Xi Zang Zi Zhi Qu Chang Sha Xian Hua Xi Deng Lu F Zuo  900640
VF1AYN0SR184738961815,Wu Jing,iPhone/13/Black/8GB,10,109253,1092530,NEWYEAR25,819397.5,122909.625,2023-04-22 00:00:00,Failed,Shipped,Bank Transfer,Visa,14711285402,Hei Long Jiang Sheng Feng Ying Xian Zhao Yang Tai Bei Jie X Zuo  202644
5TUTRTVQ4184738961998,Fan Xiu Yun,Xiaomi/Mi 11/White/64GB,1,69428,69428,SPRING20,55542.4,8331.36,2023-04-22 00:00:00,Failed,Delivered,PayPal,WeChat Pay,14788756357,Ning Xia Hui Zu Zi Zhi Qu Jian Shi Hai Gang Xin Ji Jie U Zuo  555002
J79EQ1PR4184738962195,Li Li Juan,Oppo/Reno5/Blue/64GB,10,84639,846390,AUTUMN5,804070.5,120610.575,2023-04-22 00:00:00,Paid,Shipped,Credit Card,WeChat Pay,13670311618,Shan Xi Sheng Tong Liao Shi Shen He Ding Lu K Zuo  919459
GIHXR3PF9184738962404,Sun Fei,Xiaomi/Mi 11/Black/1TB,7,88444,619108,AUTUMN5,588152.6,88222.89,2023-04-22 00:00:00,Pending,Delivered,Credit Card,WeChat Pay,18065611908,Qing Hai Sheng Yu Lan Xian Sha Shi Ha Er Bin Lu M Zuo  488150
FGXE3HKKJ184738962586,Chen Hong Mei,Oppo/Reno5/White/1TB,3,94241,282723,SUMMER15,240314.55,36047.182499999995,2023-04-22 00:00:00,Paid,Delivered,Debit Card,Visa,13256937629,Gan Su Sheng Fei Xian Xun Yang Shang Hai Jie R Zuo  549044
B7UBVKCIT184738962786,Luo Gui Lan,Huawei/P40/Red/8GB,2,96381,192762,FESTIVE30,134933.4,20240.01,2023-04-22 00:00:00,Pending,Shipped,PayPal,MasterCard,15830356742,Qing Hai Sheng Chun Mei Xian He Chuan Nan Jing Lu D Zuo  219189
YB89EC2BJ184738962956,Zhou Dan Dan,Xiaomi/Mi 11/Black/8GB,9,74257,668313,WINTER10,601481.7000000001,90222.255,2023-04-22 00:00:00,Failed,Shipped,Bank Transfer,American Express,18850185294,Shan Dong Sheng Fo Shan Shi He Ping Pan Lu I Zuo  364390
FE6WUQ0WW184738963133,Gao Jian Ping,OnePlus/9/Blue/8GB,8,96054,768432,SPRING20,614745.6,92211.84,2023-04-22 00:00:00,Failed,Pending,PayPal,MasterCard,14768175465,Hu Nan Sheng Shu Lan Shi Shuang Luan Hai Kou Jie R Zuo  346226
9DWKADOHR184738963299,Tang Bo,Huawei/P40/Black/254GB,6,64453,386718,FESTIVE30,270702.6,40605.38999999999,2023-04-22 00:00:00,Failed,Shipped,Bank Transfer,American Express,13246060595,Qing Hai Sheng Jie Xian Xi Xia Xue Jie R Zuo  710068
PVEZSHD06184738963465,Zhang Fan,iPhone/13/Blue/1TB,9,128878,1159902,WINTER10,1043911.8,156586.77,2023-04-22 00:00:00,Failed,In Transit,PayPal,PayPal,18150821854,Shan Xi Sheng Xue Xian Da Dong Wu Zhou Lu E Zuo  403689
YCU9MDZ0R184738963621,Wang Xiu Yun,Oppo/Reno5/Blue/32GB,4,65792,263168,SUMMER15,223692.8,33553.92,2023-04-22 00:00:00,Pending,Shipped,Bank Transfer,Visa,13625335244,Liao Ning Sheng Huan Shi Nan Zhang Di Lu I Zuo  889743
GWDYN827V184738963792,Wang Hui,Oppo/Reno5/Black/1TB,3,145273,435819,WINTER10,392237.10000000003,58835.565,2023-04-22 00:00:00,Pending,Delivered,PayPal,American Express,15229577087,Xiang Gang Te Bie Xing Zheng Qu Xin Shi Qing He Deng Lu A Zuo  347903
8VHKG5PEA184738963978,Wang Chang,Vivo/X60/Purple/32GB,10,67442,674420,FESTIVE30,472093.99999999994,70814.09999999999,2023-04-22 00:00:00,Pending,Pending,Debit Card,MasterCard,13422638109,Nei Meng Gu Zi Zhi Qu Gui Ying Shi Nan Xi Zhang Lu Y Zuo  431182
CQS9BMT0W184738964163,Han Li Li,iPhone/13/Blue/1TB,8,52988,423904,SPRING20,339123.2,50868.48,2023-04-22 00:00:00,Pending,In Transit,PayPal,American Express,13709831196,Bei Jing Shi Wu Han Shi Men Tou Gou Li Jie T Zuo  158911
1HXQCYC3I184738964341,Sun Xiu Mei,Xiaomi/Mi 11/Red/254GB,8,83963,671704,AUTUMN5,638118.7999999999,95717.81999999999,2023-04-22 00:00:00,Failed,In Transit,Bank Transfer,Alipay,15736193560,Ji Lin Sheng Wu Lu Mu Qi Xian Nan Xi Cheng Lu C Zuo  686591
5QFP4MDS2184738964525,Huang Gui Hua,Galaxy/S21/White/128GB,1,136167,136167,SUMMER15,115741.95,17361.2925,2023-04-22 00:00:00,Failed,In Transit,Bank Transfer,Alipay,15626206185,Gan Su Sheng Xiang Gang Shi Xiao Shan Liao Lu C Zuo  764934
QHU5V4FRT184738964703,Liang Hong Mei,iPhone/13 Pro/Black/64GB,5,146617,733085,WINTER10,659776.5,98966.47499999999,2023-04-22 00:00:00,Failed,Pending,Bank Transfer,PayPal,15758840810,Guang Xi Zhuang Zu Zi Zhi Qu Gui Fang Shi Wei Dou Wu Han Lu K Zuo  163444
MFDB8WPT2184738964891,Hu Bin,iPhone/13/Black/32GB,4,145986,583944,WINTER10,525549.6,78832.43999999999,2023-04-22 00:00:00,Paid,Delivered,Debit Card,Visa,13202949297,Guang Dong Sheng Huan Shi Qing He Zhu Lu W Zuo  839911
LW3XCX85W184738965058,Zhao Rong,iPhone/13/Red/1TB,10,132997,1329970,AUTUMN5,1263471.5,189520.725,2023-04-22 00:00:00,Failed,Delivered,PayPal,PayPal,15544335579,Chong Qing Shi Ji Nan Shi An Ci Liu Pan Shui Lu D Zuo  451707
66FFOUE0K184738965226,Jiang Gui Rong,OnePlus/9/Black/64GB,4,104694,418776,AUTUMN5,397837.19999999995,59675.57999999999,2023-04-22 00:00:00,Failed,Pending,Credit Card,American Express,13813558955,Jiang Xi Sheng He Fei Xian Gao Ming Shen Yang Jie U Zuo  516980
TGI731QQA184738965398,Li Yan,Oppo/Reno5/Red/8GB,5,83175,415875,NEWYEAR25,311906.25,46785.9375,2023-04-22 00:00:00,Failed,Delivered,Debit Card,Visa,18186741836,Xin Jiang Wei Wu Er Zi Zhi Qu Hang Zhou Shi Chong Wen Chang Sha Lu L Zuo  755372
N4JAIZ0ZR184738965583,Cai Yu Ying,Xiaomi/Mi 11/White/32GB,6,141282,847692,NEWYEAR25,635769.0,95365.34999999999,2023-04-22 00:00:00,Paid,Delivered,Bank Transfer,American Express,13315522494,Xi Zang Zi Zhi Qu Lu An Xian Hai Gang Zhang Lu H Zuo  823866
R65CYH1H3184738965775,Xiong Ting Ting,Oppo/Reno5/Purple/32GB,2,93872,187744,AUTUMN5,178356.8,26753.519999999997,2023-04-22 00:00:00,Pending,Delivered,Bank Transfer,Alipay,18557609122,Yun Nan Sheng Xi Ning Xian Nan Xi Chao Hu Lu Q Zuo  802000
0N4W47AR3184738965946,Hu Gui Zhen,OnePlus/9/Blue/8GB,7,81978,573846,SUMMER15,487769.1,73165.36499999999,2023-04-22 00:00:00,Pending,Pending,Debit Card,Alipay,13671785182,Jiang Su Sheng La Sa Xian Feng Dou Long Jie A Zuo  355662
ZW1AHRREJ184738966124,Zhou Yu Mei,Vivo/X60/Red/128GB,1,75523,75523,SUMMER15,64194.549999999996,9629.182499999999,2023-04-22 00:00:00,Paid,Pending,Credit Card,American Express,18942737892,Ji Lin Sheng Gui Fang Shi Huang Pu Cai Lu K Zuo  925141
9VYV5BS4T184738966361,Liu Yu,Vivo/X60/White/1TB,5,72989,364945,FESTIVE30,255461.49999999997,38319.22499999999,2023-04-22 00:00:00,Failed,Delivered,PayPal,PayPal,15264019461,He Bei Sheng Wu Han Xian Nan Zhang Xiang Gang Lu B Zuo  405326
9UHCU41SW184738966537,Song Li Hua,Huawei/P40/Red/8GB,8,98419,787352,FESTIVE30,551146.3999999999,82671.95999999998,2023-04-22 00:00:00,Paid,Delivered,PayPal,American Express,13589235050,Jiang Su Sheng Jun Shi Xu Hui Zhou Jie K Zuo  148754
N8JBDX5R8184738966723,Ye Gui Zhi,OnePlus/9/Blue/64GB,9,111195,1000755,SUMMER15,850641.75,127596.2625,2023-04-22 00:00:00,Failed,Pending,Credit Card,MasterCard,15799644183,Liao Ning Sheng Xia Xian Da Dong Liu Jie E Zuo  237095
29L0LULLW184738966900,Meng Feng Lan,OnePlus/9/Blue/32GB,8,142263,1138104,AUTUMN5,1081198.8,162179.82,2023-04-22 00:00:00,Failed,In Transit,Credit Card,Alipay,15369227219,Tian Jin Shi Xiu Fang Xian Bai Yun Wang Jie A Zuo  239220
E0SLAIDCV184738967077,Wang Rui,OnePlus/9/White/64GB,8,76545,612360,NEWYEAR25,459270.0,68890.5,2023-04-22 00:00:00,Paid,Pending,Credit Card,MasterCard,15931568609,Ao Men Te Bie Xing Zheng Qu Tai Yuan Xian Shen Bei Xin Hu He Hao Te Lu U Zuo  903626
R3P2N2Q9V184738967278,Liu Lin,Xiaomi/Mi 11/Black/128GB,5,137077,685385,SPRING20,548308.0,82246.2,2023-04-22 00:00:00,Paid,Shipped,Debit Card,Alipay,18519545364,Ning Xia Hui Zu Zi Zhi Qu Jian Ping Xian Xiao Nan Xu Jie Z Zuo  213354
EB670DNLD184738967473,Ma Juan,OnePlus/9/Red/254GB,8,138151,1105208,SUMMER15,939426.7999999999,140914.02,2023-04-22 00:00:00,Failed,Pending,PayPal,MasterCard,18970119636,Fu Jian Sheng Lin Xian Bai Yun Zheng Lu Q Zuo  348555
WG1ISYM0U184738967641,Ma Shu Hua,iPhone/13/Purple/254GB,7,58927,412489,SUMMER15,350615.64999999997,52592.347499999996,2023-04-22 00:00:00,Failed,Delivered,Credit Card,American Express,15891006767,Ji Lin Sheng Ma An Shan Xian Liu Zhi Te Li Jie E Zuo  312252
BO5Y9JFBX184738967828,Pan Chao,OnePlus/9/White/1TB,1,76492,76492,SPRING20,61193.600000000006,9179.04,2023-04-22 00:00:00,Pending,Pending,Debit Card,MasterCard,15504028812,Chong Qing Shi Xiu Hua Xian Zhang Shou Liu Jie J Zuo  449222
3Y3KETUKL184738968001,Chen Bin,iPhone/13/Black/254GB,3,140592,421776,SUMMER15,358509.6,53776.439999999995,2023-04-22 00:00:00,Pending,Pending,PayPal,American Express,15007998633,An Hui Sheng Yong An Xian Hua Long Lan Zhou Lu F Zuo  993086
GQ03B4HAP184738968162,Tan Qian,Xiaomi/Mi 11/Purple/128GB,3,141543,424629,SUMMER15,360934.64999999997,54140.197499999995,2023-04-22 00:00:00,Pending,In Transit,PayPal,Alipay,13673122856,Yun Nan Sheng Hui Xian Xi Xia He Shan Lu R Zuo  970392
SFUP6QP15184738968319,Li Ying,Huawei/P40/Purple/254GB,7,118265,827855,SPRING20,662284.0,99342.59999999999,2023-04-22 00:00:00,Pending,In Transit,Debit Card,MasterCard,13720342229,Shan Xi Sheng Rui Xian Dong Li Zheng Zhou Jie L Zuo  305119
IJVXZ5QSA184738968478,Wang Xiu Hua,iPhone/13 Pro/Black/8GB,2,54430,108860,SPRING20,87088.0,13063.199999999999,2023-04-22 00:00:00,Paid,Shipped,Credit Card,WeChat Pay,15058333863,Guang Dong Sheng Min Shi Yong Chuan Shan Wei Jie C Zuo  203195
W5QYNEZI2184738968642,Li Yu Zhen,Galaxy/S21/Black/8GB,6,104608,627648,NEWYEAR25,470736.0,70610.4,2023-04-22 00:00:00,Paid,Delivered,Credit Card,Alipay,13781800129,Gan Su Sheng Dong Guan Xian Sha Wan Han Dan Lu H Zuo  298862
C11N4F8UU184738968812,Xiao Li Hua,Huawei/P40/Black/8GB,4,99578,398312,SUMMER15,338565.2,50784.78,2023-04-22 00:00:00,Pending,In Transit,Bank Transfer,Visa,14519670118,Liao Ning Sheng Ha Er Bin Xian Jing An Liang Lu C Zuo  953529
EN0ES95PA184738968995,Ye Feng,Oppo/Reno5/Black/8GB,7,143300,1003100,FESTIVE30,702170.0,105325.5,2023-04-22 00:00:00,Paid,Pending,Credit Card,Visa,18203172827,Si Chuan Sheng Zhang Chun Xian Huang Pu Sun Lu F Zuo  180367
XKR9KIDD2184738969172,Cheng Hao,OnePlus/9/Red/254GB,9,102227,920043,AUTUMN5,874040.85,131106.1275,2023-04-22 00:00:00,Paid,Shipped,PayPal,WeChat Pay,18009784492,Guang Dong Sheng Ping Shi Gao Ming Tai Yuan Jie C Zuo  936376
KH05U4A4N184738969336,Yuan Yang,Vivo/X60/Purple/128GB,7,147634,1033438,AUTUMN5,981766.1,147264.91499999998,2023-04-22 00:00:00,Pending,Pending,Credit Card,Alipay,13785152233,Shang Hai Shi Lu Xian Huai Rou Xi Ning Jie P Zuo  198369
FC0D2F32J184738969496,Cui Ying,iPhone/13/Blue/32GB,10,122851,1228510,SPRING20,982808.0,147421.19999999998,2023-04-22 00:00:00,Pending,Pending,Debit Card,MasterCard,13766459491,He Nan Sheng Jian Shi Fu Cheng Zhou Jie O Zuo  556573
LT2OSN2CK184738969665,Lin Yan,Vivo/X60/Red/128GB,1,89040,89040,FESTIVE30,62327.99999999999,9349.199999999999,2023-04-22 00:00:00,Failed,In Transit,Credit Card,Alipay,13768561633,Bei Jing Shi Bin Xian Shan Ting Qiao Jie J Zuo  624469
DS6HBDTRG184738969835,Wang Ning,Galaxy/S21/Blue/128GB,2,106951,213902,WINTER10,192511.80000000002,28876.77,2023-04-22 00:00:00,Paid,Pending,Bank Transfer,American Express,18624560790,Ao Men Te Bie Xing Zheng Qu Chen Xian Dong Cheng Bei Jing Lu I Zuo  732701
M0SOL1XJF184738970015,Zhang Lu,Xiaomi/Mi 11/Red/64GB,5,76070,380350,WINTER10,342315.0,51347.25,2023-04-22 00:00:00,Pending,Delivered,PayPal,Visa,13808018862,Jiang Su Sheng Shen Zhen Xian Nan Hu Ha Er Bin Jie Q Zuo  690478
OMC9U5IG6184738970182,Wang Jian Guo,iPhone/13 Pro/Black/32GB,6,57958,347748,SUMMER15,295585.8,44337.869999999995,2023-04-22 00:00:00,Failed,In Transit,Credit Card,Alipay,18034644686,An Hui Sheng Chao Zhou Shi Nan Xi Liao Yang Lu I Zuo  886877
3K33XZV9X184738970349,Qi Feng Ying,Galaxy/S21/Black/128GB,3,56175,168525,WINTER10,151672.5,22750.875,2023-04-22 00:00:00,Failed,In Transit,Bank Transfer,WeChat Pay,18735057560,Chong Qing Shi Xi An Xian Shang Jie Chong Qing Jie D Zuo  719886
R3F2XIBXB184738970516,Zhao Yang,Vivo/X60/Purple/32GB,4,137241,548964,FESTIVE30,384274.8,57641.219999999994,2023-04-22 00:00:00,Pending,Delivered,PayPal,Visa,13163465843,Xiang Gang Te Bie Xing Zheng Qu Ao Men Shi Xi Shan Yin Chuan Jie X Zuo  887828
B988IF9IA184738970699,Ceng Yu Mei,Huawei/P40/White/1TB,4,113789,455156,NEWYEAR25,341367.0,51205.049999999996,2023-04-22 00:00:00,Failed,Shipped,Credit Card,WeChat Pay,13641852985,He Nan Sheng Xiu Ying Shi Fu Cheng Yao Lu C Zuo  515431
VLPE5KIIM184738970876,Zhou Fei,OnePlus/9/Black/128GB,2,129226,258452,NEWYEAR25,193839.0,29075.85,2023-04-22 00:00:00,Pending,In Transit,Bank Transfer,Alipay,14541812257,He Nan Sheng Xiu Rong Xian Huai Rou Jiao Jie D Zuo  491893
5IPBYU7UY184738971049,Zhang Xue,iPhone/13/White/128GB,9,50013,450117,SPRING20,360093.60000000003,54014.04,2023-04-22 00:00:00,Paid,Pending,Debit Card,American Express,18633506375,Nei Meng Gu Zi Zhi Qu Fu Zhou Xian Qing He Wu Zhou Jie D Zuo  522200
6OPHYONCQ184738971226,Hu Jin Feng,OnePlus/9/Black/64GB,8,116763,934104,NEWYEAR25,700578.0,105086.7,2023-04-22 00:00:00,Failed,Shipped,Bank Transfer,Alipay,15982640036,Liao Ning Sheng Yang Shi Xu Hui Huai An Lu B Zuo  946092
7C1KU6LTU184738971397,Zhou Jun,iPhone/13 Pro/Red/254GB,5,96366,481830,FESTIVE30,337281.0,50592.15,2023-04-22 00:00:00,Failed,Shipped,Debit Card,MasterCard,13845704489,Yun Nan Sheng Liu Shi Sha Shi Ma An Shan Jie I Zuo  557479
Y11FEJLWW184738971558,Lv Ming,Oppo/Reno5/Red/254GB,10,73509,735090,WINTER10,661581.0,99237.15,2023-04-22 00:00:00,Paid,Pending,PayPal,Visa,18252091709,Jiang Su Sheng Yu Shi Xing Shan Guo Jie T Zuo  648266
YGNAQCQPO184738971727,Li Ting Ting,iPhone/13/Purple/8GB,1,61147,61147,NEWYEAR25,45860.25,6879.037499999999,2023-04-22 00:00:00,Pending,Pending,PayPal,WeChat Pay,15376394630,Xin Jiang Wei Wu Er Zi Zhi Qu Wu Zhou Xian Da Dong Cai Jie I Zuo  526393
48XSMWOCY184738971920,Zhang Gang,Huawei/P40/Red/64GB,6,79516,477096,SPRING20,381676.80000000005,57251.520000000004,2023-04-22 00:00:00,Paid,Delivered,Debit Card,Visa,15865584119,Fu Jian Sheng Chang Chun Xian Liang Ping Tai Bei Jie U Zuo  860868
XGFBJIOHI184738972080,Li Li Li,iPhone/13 Pro/Purple/128GB,8,86764,694112,NEWYEAR25,520584.0,78087.59999999999,2023-04-22 00:00:00,Pending,Pending,Debit Card,American Express,15716302619,Hu Bei Sheng Hui Shi Dong Cheng Xing An Meng Lu W Zuo  875483
DZW4UATRF184738972247,Weng Mei,Vivo/X60/Blue/254GB,3,117508,352524,SUMMER15,299645.39999999997,44946.80999999999,2023-04-22 00:00:00,Failed,Pending,Debit Card,American Express,13789263378,Gui Zhou Sheng Ma An Shan Shi Dong Li Guang Zhou Jie P Zuo  865205
KYCJB8M1C184738972414,Chen Ting Ting,Vivo/X60/Purple/254GB,1,118320,118320,WINTER10,106488.0,15973.199999999999,2023-04-22 00:00:00,Pending,Delivered,Debit Card,American Express,15067524737,Shan Xi Sheng Jie Shi Huai Rou Xie Lu R Zuo  596962
DZ3CGUHH9184738972584,Xu Shuai,Oppo/Reno5/Purple/1TB,5,55219,276095,WINTER10,248485.5,37272.825,2023-04-22 00:00:00,Paid,Delivered,Debit Card,WeChat Pay,15913919049,Fu Jian Sheng Zhang Jia Gang Xian Bin Cheng Zhao Jie B Zuo  794797
102X9ZI5C184738972761,Fang Xiang,Huawei/P40/Red/32GB,9,111403,1002627,SPRING20,802101.6000000001,120315.24,2023-04-22 00:00:00,Pending,In Transit,Bank Transfer,PayPal,15240110882,Yun Nan Sheng He Shan Shi Bai Yun Nan Jing Lu A Zuo  238758
VWH1T9C13184738972919,Song Jun,OnePlus/9/Blue/254GB,5,91206,456030,SPRING20,364824.0,54723.6,2023-04-22 00:00:00,Failed,Delivered,Credit Card,American Express,18277560643,Shan Xi Sheng Dong Guan Xian Cheng Dong She Jie Z Zuo  603592
HSPADYZ46184738973089,Ceng Yong,Galaxy/S21/Blue/128GB,4,51776,207104,AUTUMN5,196748.8,29512.319999999996,2023-04-22 00:00:00,Pending,Shipped,PayPal,American Express,18549891127,Ao Men Te Bie Xing Zheng Qu Lu An Shi Bi Shan Tian Jin Lu X Zuo  487489
YUJFUZKNG184738973270,Dong Ying,iPhone/13 Pro/Red/64GB,1,145620,145620,AUTUMN5,138339.0,20750.85,2023-04-22 00:00:00,Failed,In Transit,PayPal,Visa,18620968246,Si Chuan Sheng Chen Xian Huai Rou Qian Jiang Lu U Zuo  155830
WRAQTLCXW184738973425,Jiang Gui Lan,Huawei/P40/White/128GB,1,55478,55478,SUMMER15,47156.299999999996,7073.444999999999,2023-04-22 00:00:00,Pending,Shipped,PayPal,WeChat Pay,15811584143,Xiang Gang Te Bie Xing Zheng Qu Jian Guo Shi Qing Cheng Ji Nan Lu R Zuo  113603
F9EA9X0T5184738973612,Li Lei,Galaxy/S21/Purple/254GB,9,116134,1045206,NEWYEAR25,783904.5,117585.675,2023-04-22 00:00:00,Failed,In Transit,Debit Card,MasterCard,15854807220,Guang Xi Zhuang Zu Zi Zhi Qu Xiu Zhen Shi Xing Shan Wang Jie H Zuo  779633
KVQL1TBZV184738973803,Tian Chang,Oppo/Reno5/Red/128GB,3,66172,198516,NEWYEAR25,148887.0,22333.05,2023-04-22 00:00:00,Paid,In Transit,Bank Transfer,WeChat Pay,18709279905,An Hui Sheng Tao Shi Sha Wan Huang Jie M Zuo  242050
KUHGANXDH184738973968,Xie Yun,Galaxy/S21/Red/8GB,2,132285,264570,FESTIVE30,185199.0,27779.85,2023-04-22 00:00:00,Paid,Delivered,PayPal,Visa,13613911665,Jiang Xi Sheng He Shan Shi Zhang Shou Wu Han Lu N Zuo  642588
TO7S1OSEF184738974127,Feng Feng,Xiaomi/Mi 11/White/64GB,2,67414,134828,SPRING20,107862.40000000001,16179.36,2023-04-22 00:00:00,Failed,Delivered,PayPal,Visa,18558808153,Zhe Jiang Sheng Liu Shi Xin Cheng Xing Cheng Jie J Zuo  919011
WUS87HVAB184738974282,Mou Fei,Galaxy/S21/White/64GB,10,129976,1299760,WINTER10,1169784.0,175467.6,2023-04-22 00:00:00,Pending,Shipped,Bank Transfer,MasterCard,15832949873,Xin Jiang Wei Wu Er Zi Zhi Qu Wu Lu Mu Qi Shi Xing Shan Tai Yuan Jie M Zuo  517733
K28CMM5FC184738974468,Li Dan Dan,OnePlus/9/Blue/8GB,7,144083,1008581,SPRING20,806864.8,121029.72,2023-04-22 00:00:00,Failed,Pending,PayPal,Visa,15219624034,Shang Hai Shi Xiu Yun Xian Yong Chuan Liu Zhou Jie C Zuo  769266
4L4QOAHKZ184738974634,Fei Gui Fang,Huawei/P40/Black/8GB,8,107436,859488,SPRING20,687590.4,103138.56,2023-04-22 00:00:00,Failed,Pending,Debit Card,Visa,13694997301,Qing Hai Sheng Yong An Xian Hua Long Kun Ming Lu F Zuo  992162
9RK0DZEL2184738974804,Wu Rong,Vivo/X60/White/32GB,3,101914,305742,SPRING20,244593.6,36689.04,2023-04-22 00:00:00,Paid,Pending,Debit Card,American Express,13546335989,Gan Su Sheng Huai An Xian Jiang Bei Shen Yang Jie F Zuo  297234
ORDQ4JWCN184738974964,Chen Yang,iPhone/13/Black/32GB,1,117253,117253,WINTER10,105527.7,15829.154999999999,2023-04-22 00:00:00,Failed,Pending,PayPal,WeChat Pay,14747308753,Xi Zang Zi Zhi Qu Yu Zhen Xian Shuang Luan Tao Jie J Zuo  776489
5UGP8Y9EL184738975143,Hu Li,iPhone/13 Pro/Purple/64GB,4,88062,352248,WINTER10,317023.2,47553.48,2023-04-22 00:00:00,Paid,Pending,PayPal,American Express,18201378160,Shan Xi Sheng Li Xian Xun Yang Jia He Jie Q Zuo  982326
RX8ZPW755184738975297,Liang Shuai,Xiaomi/Mi 11/Red/254GB,5,126752,633760,FESTIVE30,443632.0,66544.8,2023-04-22 00:00:00,Paid,Pending,Debit Card,MasterCard,18275720386,Zhe Jiang Sheng He Shan Shi Fang Shan Liang Lu D Zuo  298525
56O7O019D184738975465,Li Xiu Ying,Huawei/P40/Black/1TB,4,98312,393248,FESTIVE30,275273.6,41291.03999999999,2023-04-22 00:00:00,Paid,Shipped,PayPal,Alipay,18588445380,Shan Dong Sheng Lin Shi Sha Shi Huang Lu S Zuo  648141
MMZNASE5V184738975633,Tian Shu Lan,Xiaomi/Mi 11/Blue/128GB,4,118986,475944,WINTER10,428349.60000000003,64252.44,2023-04-22 00:00:00,Failed,Pending,Bank Transfer,PayPal,13060718803,Xi Zang Zi Zhi Qu Cheng Du Shi Nan Zhang Chen Lu C Zuo  756971
3MDAE55WA184738975818,Lin Gui Zhen,Xiaomi/Mi 11/Black/8GB,2,51773,103546,WINTER10,93191.40000000001,13978.710000000001,2023-04-22 00:00:00,Pending,Delivered,Debit Card,WeChat Pay,15100899460,Si Chuan Sheng Tai Yuan Shi Zhang Shou Tai Yuan Jie E Zuo  133274
0A1ELFXCS184738975985,Chen Yu,iPhone/13 Pro/Black/32GB,5,82158,410790,AUTUMN5,390250.5,58537.575,2023-04-22 00:00:00,Pending,Delivered,Credit Card,PayPal,13167850417,Hai Nan Sheng Shen Yang Shi Zhang Shou Liao Yang Jie L Zuo  680329
CEZZOFB5B184738976143,Ji Qin,iPhone/13/White/128GB,10,78125,781250,FESTIVE30,546875.0,82031.25,2023-04-22 00:00:00,Paid,Pending,PayPal,Alipay,18009590227,Xin Jiang Wei Wu Er Zi Zhi Qu Qi Qi Ha Er Xian Xiao Shan Zheng Zhou Jie I Zuo  860459
H7UPX4IFC184738976333,Niu Jin Feng,Oppo/Reno5/Red/1TB,7,119810,838670,WINTER10,754803.0,113220.45,2023-04-22 00:00:00,Failed,Pending,Debit Card,Alipay,18619719181,Xiang Gang Te Bie Xing Zheng Qu Xue Shi Shuang Luan Ning De Jie G Zuo  607688
T49P3ZPVD184738976512,Xie Dan,Huawei/P40/Black/64GB,2,103800,207600,SPRING20,166080.0,24912.0,2023-04-22 00:00:00,Paid,In Transit,Bank Transfer,Visa,14764280158,Tian Jin Shi Yu Shi Wei Dou Zhang Jia Gang Lu L Zuo  324790
OQHRENAUK184738976672,Li Bin,Vivo/X60/Red/128GB,3,133324,399972,WINTER10,359974.8,53996.219999999994,2023-04-22 00:00:00,Failed,In Transit,Debit Card,Alipay,15015677709,Xiang Gang Te Bie Xing Zheng Qu Dan Dan Xian Feng Dou Tai Bei Lu D Zuo  451421
G5HBA8KG8184738976851,Wang Jian,Huawei/P40/Blue/64GB,10,149322,1493220,FESTIVE30,1045253.9999999999,156788.09999999998,2023-04-22 00:00:00,Paid,Shipped,Credit Card,WeChat Pay,15687937325,Gan Su Sheng Bo Shi Feng Dou Wu Lu Mu Qi Lu E Zuo  946246
DAW2G0F6Q184738977012,Geng Xiu Ying,Galaxy/S21/Red/32GB,4,62212,248848,AUTUMN5,236405.59999999998,35460.84,2023-04-22 00:00:00,Paid,Shipped,Bank Transfer,PayPal,18816932103,Xi Zang Zi Zhi Qu Ying Shi Xi Shan Hang Lu D Zuo  515947
M2JPNGUMB184738977196,Xie Yan,iPhone/13/Purple/64GB,7,63818,446726,SPRING20,357380.80000000005,53607.12,2023-04-22 00:00:00,Paid,Shipped,Credit Card,PayPal,18532279026,Tian Jin Shi Yu Zhen Xian Feng Dou Liu Lu B Zuo  363397
WRVNMYB5J184738977363,Wang Hong,iPhone/13/Purple/254GB,8,108389,867112,SUMMER15,737045.2,110556.77999999998,2023-04-22 00:00:00,Paid,In Transit,Credit Card,Alipay,18941929028,Hei Long Jiang Sheng La Sa Shi Dong Cheng Zhao Jie J Zuo  151277
4UW767HQ9184738977539,Chen Dong,Oppo/Reno5/Blue/32GB,4,144137,576548,SPRING20,461238.4,69185.76,2023-04-22 00:00:00,Failed,Pending,Debit Card,Visa,18504340962,Gan Su Sheng Liu Zhou Xian Zi Chuan Tian Jin Jie G Zuo  759665
068GCKHE9184738977696,Fan Hong Mei,iPhone/13 Pro/Blue/1TB,5,145048,725240,AUTUMN5,688978.0,103346.7,2023-04-22 00:00:00,Paid,Shipped,Debit Card,Alipay,13935308146,Si Chuan Sheng Qi Qi Ha Er Xian Xiang An Li Lu I Zuo  315319
JGVNJ0G06184738977879,Zhao Kai,Huawei/P40/Blue/32GB,2,136924,273848,NEWYEAR25,205386.0,30807.899999999998,2023-04-22 00:00:00,Pending,Shipped,Credit Card,MasterCard,13910052406,Hai Nan Sheng Feng Ying Shi Zhang Shou Jia Jie W Zuo  512131
O845NKALR184738978047,Zhang Hui,iPhone/13 Pro/Blue/64GB,9,133223,1199007,FESTIVE30,839304.8999999999,125895.73499999999,2023-04-22 00:00:00,Paid,Pending,Debit Card,Visa,18059218876,Yun Nan Sheng Hai Yan Shi Zhang Shou Zhang Jie B Zuo  143938
6FE1KN26O184738978215,Yang Ling,Oppo/Reno5/Purple/64GB,8,127208,1017664,FESTIVE30,712364.7999999999,106854.71999999999,2023-04-22 00:00:00,Failed,Pending,Credit Card,PayPal,18578820317,Nei Meng Gu Zi Zhi Qu Chong Qing Shi Bi Shan Nan Ning Jie N Zuo  854907
NN4036IRQ184738978389,Guo Yu,Huawei/P40/Blue/64GB,5,129784,648920,NEWYEAR25,486690.0,73003.5,2023-04-22 00:00:00,Pending,Delivered,PayPal,MasterCard,18961349984,Shan Dong Sheng Zhang Jia Gang Xian Zhang Shou Zhang Lu L Zuo  885619
O0U6SG8J6184738978567,Li Hua,Vivo/X60/Purple/8GB,1,132189,132189,NEWYEAR25,99141.75,14871.262499999999,2023-04-22 00:00:00,Pending,Pending,PayPal,MasterCard,15939678808,Shang Hai Shi Yan Shi Xiang An Shen Yang Jie K Zuo  124944
T4F8YSW7L184738978719,Guo Dong,Xiaomi/Mi 11/Black/8GB,4,79529,318116,SPRING20,254492.80000000002,38173.92,2023-04-22 00:00:00,Paid,Shipped,PayPal,Alipay,14570771629,Shang Hai Shi Xin Shi Xiao Shan Qian Jiang Jie U Zuo  148209
0HCHY5OSL184738978873,Shi Bin,iPhone/13 Pro/Black/32GB,8,142697,1141576,FESTIVE30,799103.2,119865.47999999998,2023-04-22 00:00:00,Paid,In Transit,Credit Card,Visa,15593206723,Shan Xi Sheng Bei Jing Shi Nan Zhang Bei Zhen Jie Z Zuo  666774
9LFXM1AI8184738979033,Chen Tao,Huawei/P40/Black/8GB,1,106453,106453,WINTER10,95807.7,14371.154999999999,2023-04-22 00:00:00,Paid,Shipped,Debit Card,MasterCard,13762530459,Bei Jing Shi Jing Men Xian Qing Cheng Da Ye Jie C Zuo  222489
QYSKD34C5184738979192,Ye Qin,Oppo/Reno5/Blue/8GB,6,104167,625002,SPRING20,500001.60000000003,75000.24,2023-04-22 00:00:00,Failed,Pending,Debit Card,WeChat Pay,15682744845,Shan Xi Sheng Gui Ying Shi He Chuan Meng Jie Y Zuo  767353
7XUQO67ZN184738979361,Yang Gui Fang,Galaxy/S21/Blue/128GB,9,120402,1083618,WINTER10,975256.2000000001,146288.43,2023-04-22 00:00:00,Failed,In Transit,Bank Transfer,WeChat Pay,14591572698,Xiang Gang Te Bie Xing Zheng Qu Ha Er Bin Xian Bin Cheng Liu Jie R Zuo  830711
INF8OCS0M184738979561,Chen Xiu Mei,Vivo/X60/Red/128GB,6,144389,866334,FESTIVE30,606433.7999999999,90965.06999999999,2023-04-22 00:00:00,Failed,In Transit,PayPal,MasterCard,13655687114,Hei Long Jiang Sheng Kun Ming Xian Xun Yang Li Lu S Zuo  388746
U5OQ7J3S4184738979740,Xia Gui Hua,Galaxy/S21/Red/128GB,4,60099,240396,AUTUMN5,228376.19999999998,34256.42999999999,2023-04-22 00:00:00,Paid,Shipped,PayPal,MasterCard,15355449968,Zhe Jiang Sheng Ao Men Xian Gao Ping Gu Lu J Zuo  157080
K4E83IXKP184738979914,Fei Xiu Yun,iPhone/13 Pro/Purple/32GB,3,110462,331386,SUMMER15,281678.1,42251.715,2023-04-22 00:00:00,Pending,In Transit,PayPal,MasterCard,18713098483,Ao Men Te Bie Xing Zheng Qu Liu Xian Xu Hui Xiang Gang Lu A Zuo  173825
G3RBQRMXP184738980093,Li Xin,OnePlus/9/Black/1TB,1,141580,141580,NEWYEAR25,106185.0,15927.75,2023-04-22 00:00:00,Paid,Pending,Bank Transfer,American Express,15299170002,Jiang Su Sheng Yu Hua Shi An Ci Tian Lu U Zuo  797161
8OA2F1Y1P184738980262,Xie Xiu Mei,Galaxy/S21/Red/128GB,4,55005,220020,SPRING20,176016.0,26402.399999999998,2023-04-22 00:00:00,Pending,Pending,Credit Card,American Express,18887917397,Jiang Xi Sheng Hong Mei Xian Feng Dou Xi An Lu I Zuo  821173
WMFYUACEY184738980423,Chu Shu Zhen,Huawei/P40/Red/128GB,1,79873,79873,AUTUMN5,75879.34999999999,11381.902499999998,2023-04-22 00:00:00,Pending,In Transit,Bank Transfer,MasterCard,13608355924,Yun Nan Sheng Wen Xian Huang Pu Yin Chuan Jie H Zuo  223398
MQUXECTNF184738980582,Wu Liu,Vivo/X60/White/128GB,8,58782,470256,FESTIVE30,329179.19999999995,49376.87999999999,2023-04-22 00:00:00,Pending,Shipped,PayPal,Visa,15254511031,Hei Long Jiang Sheng Jian Xian Zhao Yang Yi Dou Jie Z Zuo  944620
C179K7S9J184738980744,Jiang Na,OnePlus/9/Purple/64GB,10,124922,1249220,SUMMER15,1061837.0,159275.55,2023-04-22 00:00:00,Failed,Shipped,PayPal,Alipay,13255299649,Ji Lin Sheng Xing Cheng Shi He Chuan Cui Jie K Zuo  434817
LRIY5RJ6E184738980917,Zhang Fang,Huawei/P40/Purple/128GB,8,102918,823344,SPRING20,658675.2000000001,98801.28000000001,2023-04-22 00:00:00,Paid,In Transit,Bank Transfer,American Express,18883038360,Hai Nan Sheng Xing An Meng Xian You Hao Nan Chang Lu I Zuo  301668
HQSKTTTZN184738981079,Liu Yu,iPhone/13 Pro/Purple/8GB,1,58353,58353,SUMMER15,49600.049999999996,7440.007499999999,2023-04-22 00:00:00,Pending,Shipped,Bank Transfer,American Express,15658696644,Shang Hai Shi Ling Shi Sha Wan Yin Jie H Zuo  492777
AG0WTF23Z184738981243,Wu Lin,Vivo/X60/Purple/32GB,7,61691,431837,SUMMER15,367061.45,55059.2175,2023-04-22 00:00:00,Paid,In Transit,PayPal,Visa,14515590105,He Nan Sheng Xiu Lan Xian Ji Qu Qian Jiang Jie U Zuo  168120
FEYETUAZX184738981402,Di Yu Zhen,OnePlus/9/White/32GB,8,114430,915440,SPRING20,732352.0,109852.8,2023-04-22 00:00:00,Paid,Pending,Debit Card,PayPal,14761680929,Hu Nan Sheng Zhang Sha Shi Qing He Jia Lu G Zuo  371895
C5JX5VOGL184738981577,Liu Lei,OnePlus/9/Black/254GB,10,52459,524590,AUTUMN5,498360.5,74754.075,2023-04-22 00:00:00,Failed,Delivered,Bank Transfer,MasterCard,18516388525,Guang Xi Zhuang Zu Zi Zhi Qu Yun Shi Long Tan Li Jie K Zuo  178929
CNMFOTVJ5184738981761,Wang Jin Feng,Galaxy/S21/Red/128GB,3,106348,319044,NEWYEAR25,239283.0,35892.45,2023-04-22 00:00:00,Paid,In Transit,Debit Card,WeChat Pay,13318557437,He Bei Sheng Yu Lan Shi Qing Cheng Huang Jie S Zuo  839269
M2MW5RBSK184738981934,Zhang Huan,Xiaomi/Mi 11/White/1TB,10,58453,584530,FESTIVE30,409171.0,61375.649999999994,2023-04-22 00:00:00,Paid,In Transit,Debit Card,American Express,13719261070,Gan Su Sheng Jing Men Shi Ji Zhou Shi Jia Zhuang Lu F Zuo  719266
HYD9HLW35184738982100,Ye Hua,Vivo/X60/Blue/254GB,8,60546,484368,SUMMER15,411712.8,61756.92,2023-04-22 00:00:00,Failed,In Transit,Credit Card,Alipay,13856713043,Ning Xia Hui Zu Zi Zhi Qu Feng Ying Xian Gao Gang Yi Dou Lu Q Zuo  460582
Q9GJU0ASG184738982279,Xiong Xue,Galaxy/S21/White/64GB,4,86916,347664,WINTER10,312897.60000000003,46934.64000000001,2023-04-22 00:00:00,Paid,Pending,Credit Card,PayPal,13206603322,Jiang Su Sheng Bei Jing Xian Ping Shan Zhang Jie L Zuo  803834
DIJUG29C7184738982449,Che Liang,iPhone/13/Blue/128GB,7,148481,1039367,FESTIVE30,727556.8999999999,109133.53499999999,2023-04-22 00:00:00,Paid,Pending,Debit Card,American Express,13571888607,Tian Jin Shi Nan Ning Shi Dong Cheng Chao Zhou Lu T Zuo  301036
QFF0DLLEQ184738982608,Wang Yang,iPhone/13/Purple/64GB,3,134006,402018,AUTUMN5,381917.1,57287.564999999995,2023-04-22 00:00:00,Failed,Pending,Debit Card,PayPal,13859231209,Fu Jian Sheng Wen Xian Cheng Bei La Sa Jie F Zuo  653640
7QKJ57FED184738982761,Tian Ying,iPhone/13/Red/32GB,1,120329,120329,SUMMER15,102279.65,15341.947499999998,2023-04-22 00:00:00,Failed,Pending,Credit Card,PayPal,18143132450,Hei Long Jiang Sheng Yong An Xian Nan Hu Shan Wei Lu C Zuo  957351
WQDXN9NHF184738982926,Xing Liu,OnePlus/9/Blue/32GB,1,67799,67799,WINTER10,61019.1,9152.865,2023-04-22 00:00:00,Pending,In Transit,PayPal,MasterCard,14762438478,Hu Nan Sheng Qi Qi Ha Er Xian Xiao Nan Shen Yang Lu J Zuo  488715
73B8O41QS184738983098,Zong Jin Feng,OnePlus/9/Red/254GB,4,83198,332792,WINTER10,299512.8,44926.92,2023-04-22 00:00:00,Pending,Shipped,Credit Card,MasterCard,18259144021,He Nan Sheng Xing An Meng Xian Dong Li Hui Zhou Jie Y Zuo  127238
VEA13084Z184738983275,Liu Ting Ting,Huawei/P40/Black/8GB,4,92647,370588,AUTUMN5,352058.6,52808.78999999999,2023-04-22 00:00:00,Failed,Pending,Credit Card,Visa,15152116823,Ning Xia Hui Zu Zi Zhi Qu Yu Mei Xian Dong Li Wang Jie O Zuo  172812
G7YQB9XQK184738983473,Zhang Jie,Vivo/X60/Purple/128GB,4,117542,470168,WINTER10,423151.2,63472.68,2023-04-22 00:00:00,Paid,Pending,Credit Card,American Express,13201381999,Gan Su Sheng Jing Men Shi Gao Gang Zhang Jia Gang Lu V Zuo  107790
L9J3H4FGX184738983634,Tu Lei,iPhone/13/Purple/254GB,1,136491,136491,NEWYEAR25,102368.25,15355.2375,2023-04-22 00:00:00,Failed,Shipped,Credit Card,Alipay,18893167375,Shang Hai Shi Xi Ning Xian Xing Shan Wei Lu O Zuo  163445
4REXXCIPG184738983803,Li Lei,Vivo/X60/Red/128GB,10,121810,1218100,FESTIVE30,852670.0,127900.5,2023-04-22 00:00:00,Pending,In Transit,Credit Card,American Express,14513540790,Zhe Jiang Sheng Gui Yang Xian Xiang An La Sa Jie E Zuo  837802
QLGMNVML2184738983959,Jiang Shu Hua,Vivo/X60/Purple/1TB,9,113197,1018773,SPRING20,815018.4,122252.76,2023-04-22 00:00:00,Pending,Pending,Bank Transfer,American Express,13390226870,Shan Xi Sheng Yu Xian Pu Tuo Liu Lu Z Zuo  384574
TERU14XT9184738984128,Zhao Yong,iPhone/13/Red/64GB,10,109254,1092540,WINTER10,983286.0,147492.9,2023-04-22 00:00:00,Pending,In Transit,Bank Transfer,American Express,18154803271,Hai Nan Sheng Liang Xian Shen Bei Xin Guang Zhou Jie C Zuo  266288
1TOJ9EPR8184738984284,Wu Jing,Vivo/X60/Purple/128GB,7,97469,682283,SUMMER15,579940.5499999999,86991.08249999999,2023-04-22 00:00:00,Paid,Delivered,Bank Transfer,American Express,15669260697,Jiang Xi Sheng Tai Bei Shi He Chuan Shi Jia Zhuang Jie Q Zuo  187145
C9X54O8XG184738984444,Chen Shuai,iPhone/13 Pro/Purple/128GB,10,128291,1282910,FESTIVE30,898037.0,134705.55,2023-04-22 00:00:00,Pending,Pending,PayPal,PayPal,15845781623,Hu Bei Sheng Shen Yang Shi He Ping Wu Zhou Jie I Zuo  358229
C6VESD989184738984604,Luo Ming,iPhone/13 Pro/Blue/32GB,10,64108,641080,FESTIVE30,448756.0,67313.4,2023-04-22 00:00:00,Paid,In Transit,Credit Card,MasterCard,15922626339,Shan Xi Sheng Nan Jing Xian He Chuan Tai Yuan Jie L Zuo  422709
YD7THX00P184738984844,Hu Gui Rong,Oppo/Reno5/White/32GB,9,118839,1069551,SPRING20,855640.8,128346.12,2023-04-22 00:00:00,Failed,Pending,Credit Card,PayPal,14554441420,Chong Qing Shi Ying Xian Chong Wen Sun Jie O Zuo  182306
9PKLSPIU8184738985015,Li Gui Zhi,OnePlus/9/Black/32GB,4,92617,370468,SUMMER15,314897.8,47234.67,2023-04-22 00:00:00,Pending,Pending,PayPal,American Express,15228770499,Ning Xia Hui Zu Zi Zhi Qu Ling Xian Cheng Bei La Sa Lu A Zuo  660919
NZ6O0S0XI184738985192,Liao Bin,Xiaomi/Mi 11/Purple/254GB,8,75523,604184,FESTIVE30,422928.8,63439.31999999999,2023-04-22 00:00:00,Pending,In Transit,PayPal,Visa,13395202352,Qing Hai Sheng Bei Jing Shi Jing An Li Lu T Zuo  782863
5M8WLREX2184738985362,Yang Ying,Xiaomi/Mi 11/Red/32GB,7,60122,420854,WINTER10,378768.60000000003,56815.29,2023-04-22 00:00:00,Pending,Delivered,Debit Card,PayPal,15289835393,Ning Xia Hui Zu Zi Zhi Qu Fang Xian Mu Ye Li Jie A Zuo  678233
BFVSCHQVS184738985545,Zheng Jie,OnePlus/9/Black/64GB,5,132036,660180,AUTUMN5,627171.0,94075.65,2023-04-22 00:00:00,Failed,Shipped,Credit Card,Alipay,13005962227,Xiang Gang Te Bie Xing Zheng Qu Jia He Shi Qing Cheng Ma Lu K Zuo  401227
3CE2KQUZ9184738985734,Feng Juan,iPhone/13/White/128GB,7,90213,631491,AUTUMN5,599916.45,89987.46749999998,2023-04-22 00:00:00,Pending,Pending,PayPal,Visa,18983669317,Tian Jin Shi Gui Zhi Shi Shang Jie Tai Yuan Jie U Zuo  272007
KGE7ACDJM184738985924,Li Jian Guo,Vivo/X60/Red/1TB,9,62491,562419,SUMMER15,478056.14999999997,71708.42249999999,2023-04-22 00:00:00,Paid,Shipped,Debit Card,Alipay,15220036753,Xi Zang Zi Zhi Qu Xin Ji Shi Zhang Shou Li Lu H Zuo  565063
OCS0SRMIC184738986124,Liu Xiu Lan,Oppo/Reno5/Blue/1TB,3,149501,448503,SPRING20,358802.4,53820.36,2023-04-22 00:00:00,Paid,Delivered,Debit Card,Alipay,18104101398,Guang Dong Sheng Xiao Hong Xian You Hao Lan Zhou Lu J Zuo  908670
3QFHLNA81184738986293,Luo Liu,Vivo/X60/Red/128GB,7,66545,465815,WINTER10,419233.5,62885.024999999994,2023-04-22 00:00:00,Pending,Shipped,Debit Card,Visa,13232567692,Jiang Su Sheng Wei Xian Da Xing Zhang Lu G Zuo  322039
2RRT1G3PJ184738986461,An Jian Guo,Vivo/X60/Black/254GB,9,116115,1045035,AUTUMN5,992783.25,148917.4875,2023-04-22 00:00:00,Pending,In Transit,Credit Card,WeChat Pay,15696216057,Guang Dong Sheng Shu Zhen Xian Fang Shan Yin Chuan Lu B Zuo  120036
8GSA6JCJ3184738986627,Yang Li,iPhone/13 Pro/Red/32GB,8,110095,880760,SUMMER15,748646.0,112296.9,2023-04-22 00:00:00,Paid,Pending,Debit Card,PayPal,14766351947,Shan Xi Sheng Xia Xian Xi Shan Feng Lu B Zuo  645230
SYYCBAYFX184738986796,Li Gang,Huawei/P40/Blue/1TB,9,58527,526743,AUTUMN5,500405.85,75060.87749999999,2023-04-22 00:00:00,Paid,Shipped,Credit Card,Alipay,15776307456,Liao Ning Sheng Ying Shi Cheng Dong Lv Lu T Zuo  628157
18O5ARFZZ184738986962,Li Yu Zhen,Vivo/X60/White/128GB,7,124513,871591,AUTUMN5,828011.45,124201.71749999998,2023-04-22 00:00:00,Failed,Pending,PayPal,PayPal,18910074215,Hei Long Jiang Sheng Qi Qi Ha Er Shi Pu Tuo Jiang Lu C Zuo  985824
0HCUYUNGQ184738987161,Wang Lei,iPhone/13/Purple/128GB,4,141026,564104,SUMMER15,479488.39999999997,71923.26,2023-04-22 00:00:00,Failed,In Transit,Credit Card,Alipay,13133244767,He Nan Sheng La Sa Xian Feng Dou Liu Lu L Zuo  975783
GXUYQJJLX184738987335,Chen Xiang,iPhone/13/Black/1TB,1,68594,68594,SPRING20,54875.200000000004,8231.28,2023-04-22 00:00:00,Failed,In Transit,PayPal,Alipay,14725809868,Bei Jing Shi Dong Guan Xian Liu Zhi Te Liu Lu H Zuo  649355
JLVWYYW00184738987511,Ding Yu,OnePlus/9/White/32GB,4,100335,401340,AUTUMN5,381273.0,57190.95,2023-04-22 00:00:00,Failed,Delivered,Bank Transfer,Visa,15352139299,Hai Nan Sheng Jing Shi Hai Ling Nan Ning Lu L Zuo  940027
N86PZXSAS184738987666,Yu Yu Mei,Huawei/P40/Black/32GB,8,100513,804104,NEWYEAR25,603078.0,90461.7,2023-04-22 00:00:00,Failed,Pending,Debit Card,PayPal,13102010422,Nei Meng Gu Zi Zhi Qu Hui Shi Zhao Yang Ha Er Bin Jie F Zuo  222764
JOD0VX20K184738987845,Xu Jun,Xiaomi/Mi 11/Red/254GB,4,57058,228232,SUMMER15,193997.19999999998,29099.579999999998,2023-04-22 00:00:00,Pending,Shipped,PayPal,WeChat Pay,18279580822,Yun Nan Sheng Hang Zhou Xian Xiao Nan Chen Jie X Zuo  550639
S5JXOO6B0184738988012,Mou Gui Fang,Galaxy/S21/Black/32GB,5,89168,445840,WINTER10,401256.0,60188.399999999994,2023-04-22 00:00:00,Paid,Delivered,Credit Card,American Express,13176969140,Xiang Gang Te Bie Xing Zheng Qu Wu Han Shi Fu Cheng Wu Han Jie J Zuo  211289
